A
1000 Generated by WorldEditor

1     20 1 0 RJFM MIYAZAKI
100 50.00 1 1 0.10 1 3 0 09  31.87612651  131.43455774    0   61 3 7 1 1 27  31.87810954  131.46222742    0   61 3 0 1 1
110 1 0.00 0.0000 CAC Apron
111  31.87905348  131.44077345
111  31.87855164  131.44079283
111  31.87865905  131.44274858
113  31.87913659  131.44273067
110 1 0.00 0.0000 Main Taxiway
111  31.87591300  131.43456596 1 102
112  31.87569832  131.43458706  31.87561537  131.43458963 1 102
112  31.87452806  131.43397609  31.87447349  131.43394011 1 102
111  31.87440835  131.43358143 1
111  31.87365422  131.43366600 1
112  31.87391757  131.43788039  31.87387204  131.43796813 1 102
111  31.87372605  131.43807772 1 102
111  31.87276843  131.43816229 1
111  31.87328315  131.44535071 1 102
112  31.87482731  131.44515338  31.87489498  131.44519194 1 102
111  31.87503081  131.44543528 1 102
112  31.87620495  131.46172046  31.87621150  131.46178986 1 102
112  31.87638451  131.46217150  31.87643253  131.46223319 1 102
112  31.87665658  131.46234312  31.87672424  131.46236369 1 102
111  31.87696999  131.46235067 1 102
111  31.87788802  131.46224306
111  31.87783636  131.46149876 1 102
112  31.87756851  131.46192782  31.87747683  131.46195609 1 102
112  31.87689817  131.46199830  31.87679995  131.46199573 1 102
112  31.87667074  131.46187144  31.87660307  131.46183289 1 102
111  31.87649118  131.46151907 1 102
111  31.87613207  131.45744563 1 102
111  31.87615601  131.45652946 1 102
112  31.87631163  131.45616299  31.87640330  131.45608845 1 102
112  31.87656300  131.45606432  31.87667214  131.45606947 1 102
112  31.87720940  131.45621937  31.87730762  131.45629134 1 102
111  31.87748380  131.45649844
111  31.87736981  131.45496351 1 102
112  31.87702984  131.45569786  31.87690979  131.45573384 1 102
111  31.87661088  131.45568376 1 102
112  31.87621586  131.45550053  31.87610018  131.45543370 1 102
111  31.87600040  131.45492263 1 102
111  31.87595252  131.45451388 1 102
112  31.87616798  131.45461255  31.87626839  131.45462026 1 102
111  31.87733706  131.45451090
111  31.87726854  131.45354381 1 102
112  31.87698196  131.45421789  31.87670040  131.45435411 1 102
112  31.87616798  131.45434474  31.87613088  131.45434217 1 102
112  31.87590464  131.45409103  31.87588281  131.45399336 1 102
112  31.87574902  131.45168080  31.87574466  131.45146232 1 102
112  31.87590464  131.45125795  31.87595484  131.45119112 1 102
111  31.87610813  131.45107471 1 102
112  31.87676650  131.45100424  31.87685817  131.45104536 1 102
111  31.87710714  131.45131433
111  31.87702573  131.45017330 1 102
112  31.87676650  131.45059549  31.87667701  131.45063661 1 102
112  31.87616798  131.45066596  31.87609814  131.45066853 1 102
112  31.87583282  131.45055320  31.87573023  131.45049665 1 102
111  31.87566523  131.45021492 1 102
111  31.87554553  131.44948199 1 102
111  31.87540189  131.44746641 1 102
112  31.87536598  131.44633881  31.87538780  131.44625142 1 102
111  31.87552159  131.44604282 1 102
111  31.87567720  131.44591596 1 102
112  31.87644330  131.44583139  31.87665720  131.44591878 1 102
111  31.87673995  131.44615409
111  31.87665859  131.44502393 1 102
112  31.87638457  131.44541659  31.87613575  131.44552454 1 102
112  31.87571424  131.44550116  31.87564003  131.44550116 1 102
112  31.87542583  131.44531154  31.87533852  131.44522672 1 102
111  31.87524627  131.44479003 1 102
111  31.87503081  131.44239388 1 102
112  31.87511460  131.44163276  31.87519468  131.44149493 1 102
112  31.87543780  131.44132267  31.87554745  131.44127189 1 102
111  31.87602434  131.44126629
112  31.87602434  131.44126629  31.87618552  131.44122408 1 102
111  31.87641101  131.44157301
111  31.87633564  131.44053537 1 102
112  31.87607222  131.44087163  31.87596257  131.44091661 1 102
112  31.87540189  131.44095910  31.87525034  131.44096346 1 102
112  31.87511460  131.44081525  31.87503205  131.44071949 1 102
111  31.87488716  131.43987089 1 102
111  31.87467170  131.43742313 1 102
111  31.87464776  131.43628144 1 102
112  31.87474352  131.43598545  31.87483738  131.43585437 1 102
112  31.87500687  131.43578812  31.87512255  131.43576499 1 102
111  31.87558144  131.43571765 1 102
112  31.87582084  131.43577403  31.87586668  131.43582543 1 102
113  31.87600967  131.43602992
111  31.87577967  131.43540889 1 102
111  31.87474389  131.43549323 1 102
112  31.87457310  131.43533753  31.87451250  131.43522075 1 102
111  31.87459514  131.43500666 1 102
112  31.87490367  131.43472120  31.87505793  131.43474066 1 102
111  31.87532789  131.43476662 1 102
111  31.87571906  131.43490285 1 102
112  31.87595046  131.43518831  31.87594495  131.43531806
111  31.87595046  131.43518831
114  31.87595046  131.43518831  31.87593393  131.43529211 1 102
110 1 0.00 0.0000 CAC taxiway
111  31.87855487  131.44079405 102
111  31.87838318  131.44061112 102
112  31.87815425  131.43751104  31.87813870  131.43743414 102
112  31.87731951  131.43602201  31.87732885  131.43602201 102
111  31.87710774  131.43531595 102
111  31.87704234  131.43521005 102
111  31.87696058  131.43520042 102
111  31.87684612  131.43524856 102
111  31.87678889  131.43529670 102
111  31.87640658  131.43531784
111  31.87642915  131.43568180 102
111  31.87651908  131.43556669 102
112  31.87663861  131.43555109  31.87667282  131.43556208 102
111  31.87693605  131.43573957 102
112  31.87798150  131.43755918  31.87800016  131.43766905
111  31.87798150  131.43755918
112  31.87798150  131.43755918  31.87798617  131.43758665 102
112  31.87811425  131.43934405  31.87819001  131.44039326
111  31.87811425  131.43934405
112  31.87811425  131.43934405  31.87815213  131.43986865 102
112  31.87824243  131.44113118  31.87828900  131.44178385
111  31.87824243  131.44113118
112  31.87824243  131.44113118  31.87825408  131.44129435 102
112  31.87827784  131.44162804  31.87828979  131.44179589
111  31.87827784  131.44162804
112  31.87827784  131.44162804  31.87828382  131.44171197 102
112  31.87829586  131.44188125  31.87830189  131.44196609
112  31.87831403  131.44213697  31.87832011  131.44222258
111  31.87831403  131.44213697
112  31.87831403  131.44213697  31.87832619  131.44230818
112  31.87835071  131.44265398  31.87836298  131.44282723 102
112  31.87838759  131.44317511  31.87839989  131.44334906
111  31.87838759  131.44317511
112  31.87838759  131.44317511  31.87841219  131.44352301 102
112  31.87846086  131.44421375  31.87848498  131.44455652
111  31.87846086  131.44421375
112  31.87846086  131.44421375  31.87847292  131.44438514 102
112  31.87849667  131.44472331  31.87850847  131.44489142
111  31.87849667  131.44472331
112  31.87849667  131.44472331  31.87850257  131.44480737 102
112  31.87851425  131.44497391  31.87852007  131.44505690
112  31.87853156  131.44522106  31.87853728  131.44530281
111  31.87853156  131.44522106
112  31.87853156  131.44522106  31.87854300  131.44538456
112  31.87856523  131.44570301  31.87857622  131.44586058
111  31.87856523  131.44570301
112  31.87856523  131.44570301  31.87856798  131.44574240
112  31.87857343  131.44582056  31.87857615  131.44585953 102
112  31.87858153  131.44593682  31.87858421  131.44597534
111  31.87858153  131.44593682
112  31.87858153  131.44593682  31.87858689  131.44601387 102
112  31.87859741  131.44616518  31.87860264  131.44624034
111  31.87859741  131.44616518
112  31.87859741  131.44616518  31.87861830  131.44646582 102
112  31.87865615  131.44701427  31.87867430  131.44727793
111  31.87865615  131.44701427
112  31.87865615  131.44701427  31.87872873  131.44806889 102
112  31.87877456  131.44882345  31.87877285  131.44886172
111  31.87877456  131.44882345
112  31.87877456  131.44882345  31.87876772  131.44897653 102
111  31.87801526  131.45070718 102
112  31.87787627  131.45084197  31.87777707  131.45087420 102
111  31.87750597  131.45063982
111  31.87755420  131.45131602 102
112  31.87775364  131.45106340  31.87790074  131.45103923 102
112  31.87835865  131.45098638  31.87844417  131.45094207 102
112  31.87851399  131.45063016  31.87854820  131.45051334 102
112  31.87853852  131.44997549  31.87856589  131.44977809 102
112  31.87895549  131.44874315  31.87896575  131.44857799 102
111  31.87856305  131.44308214 102
113  31.87866116  131.44274517
110 1 0.00 0.0000 N3
111  31.87851483  131.44497120 102
112  31.87830239  131.44530940  31.87816897  131.44535371 102
112  31.87743392  131.44539338  31.87731076  131.44539338 102
111  31.87711506  131.44517106
111  31.87716587  131.44590469 102
112  31.87744231  131.44564535  31.87755178  131.44559701 102
112  31.87832756  131.44557618  31.87842677  131.44560438 102
113  31.87857473  131.44582312
110 1 0.00 0.0000 N2
111  31.87829587  131.44187559 102
112  31.87810183  131.44216258  31.87797183  131.44220689 102
112  31.87713804  131.44225287  31.87701489  131.44222467 102
111  31.87687868  131.44202830
111  31.87691682  131.44273346 102
112  31.87714186  131.44245499  31.87720343  131.44242679 102
112  31.87809050  131.44240049  31.87823418  131.44244480 102
113  31.87834722  131.44257835
130 Airport Boundary 1
111  31.87946723  131.43668711
111  31.87904482  131.43618973
111  31.87776250  131.43608316
111  31.87746078  131.43363182
111  31.87646510  131.43253050
111  31.87391555  131.43279695
111  31.87341771  131.43299234
111  31.87367418  131.43668711
111  31.87276901  131.43666934
111  31.87236169  131.43919173
111  31.87254272  131.44446743
111  31.87281427  131.44876615
111  31.87352331  131.44876615
111  31.87362892  131.45040037
111  31.87500175  131.45079116
111  31.87590692  131.46283420
111  31.87937671  131.46381118
111  31.88029696  131.46155524
111  31.87933145  131.45807364
111  31.87877327  131.45020450
111  31.87924094  131.44892554
111  31.87895430  131.44407664
111  31.87988964  131.44274439
111  31.87975386  131.44006213
111  31.87902973  131.43936937
111  31.87927111  131.43899634
113  31.87844138  131.43817922
120 Main Taxi Center Line 14
111  31.87569107  131.44569928 1
112  31.87533343  131.44583913  31.87519402  131.44594966 1
115  31.87521147  131.44638697
120 Main Taxi Center Line 13
111  31.87449188  131.43636650 1 101
112  31.87455216  131.43585441  31.87462188  131.43564949 1 101
112  31.87491424  131.43563637  31.87501973  131.43562524 1 101
112  31.87578861  131.43556034  31.87588719  131.43555545 1 101
112  31.87611627  131.43568215  31.87623943  131.43580496 1 101
115  31.87624013  131.43609608
120 Main Taxi Center Line 12
111  31.87531685  131.44115821 1 101
112  31.87496419  131.44137624  31.87485828  131.44159707 1 101
115  31.87489056  131.44191006
120 Main Taxi Center Line 11
111  31.87655401  131.44048650 1
112  31.87645763  131.44092361  31.87632502  131.44106048 1
115  31.87609474  131.44108530
120 Main Taxi Center Line 10
111  31.87663677  131.44163623 1 101
112  31.87648536  131.44121971  31.87634108  131.44106442 1 101
111  31.87609825  131.44108608 1 101
111  31.87531617  131.44115796 1 101
112  31.87492111  131.44102193  31.87481082  131.44086569 1 101
115  31.87479129  131.44055667
120 Main Taxi Center Line 9
111  31.87688077  131.44502954 1 101
112  31.87680142  131.44542531  31.87670368  131.44559150 1 101
115  31.87641989  131.44562260
120 Main taxi Center Line 8
111  31.87695726  131.44610883 1 101
112  31.87678195  131.44571635  31.87662366  131.44558090 1 101
111  31.87641489  131.44562405 1 101
112  31.87567860  131.44570043  31.87561211  131.44570043 1 101
112  31.87529977  131.44561629  31.87514553  131.44550605 1 101
115  31.87511946  131.44509729
120 Main Taxi Center Line 7
111  31.87609787  131.45088056 1 101
112  31.87567185  131.45078815  31.87552531  131.45066336 1 101
115  31.87549134  131.45026790
120 Main Taxi Center Line 6
111  31.87681717  131.45081695 1
112  31.87715649  131.45088982  31.87731927  131.45099500 1
115  31.87733236  131.45132632
120 Main Taxi Center Line 5
111  31.87559172  131.45166119 1 101
112  31.87568929  131.45106316  31.87582703  131.45089268 1 101
111  31.87609443  131.45088129 1 101
111  31.87681358  131.45081615 1 101
112  31.87715162  131.45062764  31.87727722  131.45047669 1 101
115  31.87724957  131.45018907
120 Main Taxi Center Line 4
111  31.87576064  131.45399327 1
112  31.87593393  131.45437086  31.87608028  131.45446727 1
111  31.87624703  131.45446718 1
112  31.87737790  131.45430427  31.87753717  131.45415986 1
115  31.87751832  131.45394507
120 Main Taxi Center Line 3
111  31.87584293  131.45511337 1 101
112  31.87603994  131.45559402  31.87621427  131.45576028 1 101
115  31.87658032  131.45584270
120 Main Taxi Center Line 2
111  31.87704853  131.45594291 1 101
112  31.87749682  131.45586688  31.87764983  131.45573767 1 101
115  31.87762683  131.45545079
120 Main Taxi Center Line 1
111  31.87594763  131.45654311 1 101
112  31.87611757  131.45594055  31.87630967  131.45580250 1 101
112  31.87657512  131.45584250  31.87660426  131.45584607 1 101
112  31.87749686  131.45609890  31.87770601  131.45622887
111  31.87749686  131.45609890
112  31.87749686  131.45609890  31.87769338  131.45622590 1 101
116  31.87769808  131.45642908  31.87770856  131.45649818
120 Main Taxi Cener Line
111  31.87583177  131.43480858 1 101
112  31.87503051  131.43446951  31.87500102  131.43446021 1 101
112  31.87452581  131.43454829  31.87436648  131.43473512 1 101
112  31.87440188  131.43509798  31.87440345  131.43516658 1 101
112  31.87632330  131.46156964  31.87636731  131.46182717 1 101
111  31.87646291  131.46191825 1 101
112  31.87668916  131.46211232  31.87681840  131.46216905 1 101
111  31.87696848  131.46216294 1 101
112  31.87752189  131.46212539  31.87770112  131.46208466 1 101
115  31.87780526  131.46201598
120 Hold Short 1
111  31.87531443  131.43440807 4 104
115  31.87519170  131.43475297
120 Hold SHort 2
111  31.87549574  131.43543290 4 104
115  31.87550969  131.43572195
120 Hold Short 4
111  31.87590579  131.44091286 4 104
115  31.87592810  131.44126432
120 Hold Short 7
111  31.87618946  131.44547192 4 104
115  31.87621456  131.44581025
120 Hold Short 9
111  31.87656324  131.45063431 4 104
115  31.87658277  131.45099564
120 Hold Short 10
111  31.87682824  131.45427557 4 104
115  31.87685055  131.45455149
120 Hold Short 11
111  31.87701513  131.45570772 4 104
115  31.87695376  131.45613145
120 Hold Short 12
111  31.87738891  131.46195939 4 104
115  31.87740843  131.46229772
120 CAC Taxi Center Line 7
111  31.87692632  131.44238192 1 101
112  31.87676446  131.44247879  31.87669376  131.44256960 1 101
115  31.87672174  131.44281168
120 CAC Taxi Center Line 6
111  31.87838137  131.44183069 1 101
112  31.87833871  131.44216965  31.87827464  131.44224928 1 101
116  31.87815019  131.44227202  31.87814266  131.44227615
120 CAC Taxi Center Line 5
111  31.87843548  131.44259237 1 101
112  31.87833433  131.44232472  31.87823987  131.44225712 1 101
112  31.87815024  131.44227201  31.87814363  131.44227210 1 101
111  31.87692687  131.44238068 1 101
112  31.87675520  131.44232111  31.87668860  131.44226370 1 101
115  31.87666812  131.44207537
120 CAC Taxi Center Line 4
111  31.87717909  131.44554977 1 101
112  31.87699218  131.44563351  31.87692472  131.44571641 1 101
115  31.87694356  131.44589089
120 CAC Taxi Center Line 3
111  31.87860880  131.44501901 1 101
112  31.87855211  131.44534235  31.87847723  131.44544119 1 101
115  31.87836472  131.44544444
120 CAC Taxi Center Line 2
111  31.87866387  131.44580616 1 101
112  31.87855791  131.44550248  31.87846116  131.44542832 1 101
111  31.87836544  131.44544466 1 101
111  31.87717995  131.44554862 1 101
112  31.87697496  131.44551291  31.87692379  131.44545296 1 101
115  31.87689986  131.44529851
120 CAC Taxi Center Line 1
111  31.87733299  131.45132632 1 101
112  31.87736810  131.45107866  31.87742117  131.45098872 1 101
115  31.87751393  131.45097611
120 CAC Taxi Center Line
111  31.87622219  131.43583173 1 101
112  31.87630127  131.43553019  31.87639661  131.43540693 1 101
112  31.87668072  131.43542438  31.87673396  131.43542623 1 101
112  31.87685845  131.43550809  31.87692908  131.43558307 1 101
112  31.87703159  131.43572394  31.87713733  131.43586812 1 101
112  31.87806188  131.43751120  31.87808235  131.43758908 1 101
111  31.87808219  131.43763677 1 101
112  31.87886671  131.44874395  31.87886378  131.44884775 1 101
111  31.87885909  131.44886952 1 101
112  31.87812789  131.45073079  31.87806727  131.45083672 1 101
112  31.87790447  131.45092214  31.87782430  131.45095322 1 101
111  31.87751348  131.45097595 1 101
112  31.87736218  131.45090612  31.87729377  131.45083179 1 101
115  31.87728837  131.45072168
120 Hold Short 3
111  31.87688487  131.43569859 4 104
115  31.87685698  131.43523874
120 Hold Short 5
111  31.87744365  131.44241089 4 104
115  31.87743340  131.44224941
120 Hold Short 8
111  31.87795331  131.45104241 4 104
115  31.87793708  131.45080909
120 Hold Short 6
111  31.87760519  131.44560934 4 104
115  31.87759104  131.44538706
21  31.87697341  131.43942123 2 85.1600 3.0 09  PAPI-4L
21  31.87727507  131.45760205 2 265.1800 3.0 27  PAPI-4L
20  31.87551318  131.43581535 356.0100 0 2 {@R}09{@L}S2
20  31.87551318  131.43534519 -3.9100 0 2 {@L}S2{@R}09
20  31.87656487  131.46138951 82.2900 0 2 {@Y}{^l}S8{@L}SP7
20  31.87613052  131.45514296 74.8200 0 2 {@Y}{^l}S7{@L}SP6
20  31.87596635  131.45394636 84.3500 0 2 {@Y}{^l}S6{@L}SP5
20  31.87569603  131.45001737 85.1200 0 2 {@Y}{^l}S5{@L}SP4
20  31.87537638  131.44496778 84.9800 0 2 {@Y}{^l}S4{@L}SP3
20  31.87470753  131.43641404 263.5600 0 2 {@L}SP2{@Y}S2{^r}
20  31.87506251  131.44039873 84.9100 0 2 {@Y}{^l}S3{@L}SP2
20  31.87513567  131.44181398 264.5600 0 2 {@L}SP3{@Y}S3{^r}
20  31.87462376  131.43519886 264.3000 0 2 {@L}SP1{@Y}S1{^r}
20  31.87657854  131.44496842 84.8200 0 2 {@Y}S4{^r}
20  31.87694876  131.45007611 84.6700 0 2 {@Y}S5{^r}
20  31.87720072  131.45347239 84.1200 0 2 {@Y}S6{^r}
20  31.87729842  131.45491654 85.2600 0 2 {@Y}S7{^r}
20  31.87777920  131.46143205 84.9400 0 2 {@Y}S8{^r}
20  31.87745515  131.46237059 -4.4800 0 2 {@R}27{@L}S8
20  31.87742687  131.46188012 357.2900 0 2 {@L}S8{@R}27
20  31.87695895  131.45560985 356.2600 0 2 {@L}S7{@R}27
20  31.87686382  131.45420204 354.2500 0 2 {@L}S6{@R}27
20  31.87664271  131.45105873 355.3000 0 2 {@R}09-27{@L}S5
20  31.87661443  131.45056827 -4.0000 0 2 {@L}S5{@R}09-27
20  31.87794231  131.45077385 175.7000 0 2 {@R}27-09{@L}N4
20  31.87796137  131.45106631 175.1700 0 2 {@L}N4{@R}27-09
20  31.87760422  131.44564197 177.0600 0 2 {@L}N3{@R}27-09
20  31.87759138  131.44535961 177.2700 0 2 {@R}27-09{@L}N3
20  31.87744596  131.44243828 176.8200 0 2 {@L}N2{@R}27-09
20  31.87743459  131.44222137 177.0800 0 2 {@R}27-09{@L}N2
20  31.87685714  131.43518942 176.6000 0 2 {@R}09{@L}N1
20  31.87666852  131.44624992 264.4500 0 2 {@Y}{^l}S4
20  31.87634201  131.44165810 265.5700 0 2 {@Y}{^l}S3
20  31.87583196  131.43517495 264.7500 0 2 {@Y}{^l}S1
20  31.87590471  131.43620290 264.0400 0 2 {@Y}{^l}S2
20  31.87626477  131.44589351 355.3300 0 2 {@R}09-27{@L}S4
20  31.87622621  131.44538185 -4.8700 0 2 {@L}S4{@R}09-27
20  31.87599811  131.44135669 -4.2200 0 2 {@R}09-27{@L}S3
20  31.87597633  131.44082184 -4.4000 0 2 {@L}S3{@R}09-27
20  31.87516575  131.43484657 24.1000 0 2 {@R}09{@L}S1
20  31.87535126  131.43432740 22.0100 0 2 {@L}S1{@R}09
20  31.87688610  131.43576824 177.3400 0 2 {@L}N1{@R}09
1300  31.87409920  131.43712138  -4.90 misc turboprops South Ramp For South Ramp 2
1300  31.87363820  131.44370546 306.47 misc jets South Ramp For Jet 2
1300  31.87356781  131.44312037 318.81 misc jets South Ramp For Jet 1
1300  31.87406862  131.43643506  -5.54 misc jets|turboprops South Ramp For Turboprop 1
1300  31.87358023  131.43966963 175.30 gate heavy South Ramp For Heavy Jet 2
1300  31.87369292  131.44104332 174.81 gate heavy South Ramp For Heavy Jets 1
1300  31.87891058  131.44257559 -92.60 misc props CMC Ramp 2
1300  31.87882722  131.44222524 -96.01 misc props CAC Ramp 1
18  31.87291598  131.43748784 1 ABN
19  31.87505630  131.43635677 1 WS
19  31.87698966  131.46141645 1 WS
50 12680 ATIS
53 12190 GND
54 11830 TWR
54 12620 TWR
55 12140 APP
55 12090 APP
56 12010 DEP
56 12140 DEP
1200 
1201  31.87733298  131.45086586 both 0 N4_stop
1201  31.87742486  131.45095172 both 1 N4_stop
1201  31.87812846  131.45073230 both 2 N4_stop
1201  31.87804889  131.45083102 both 3 N4_stop
1201  31.87733444  131.45119790 both 4 N4_stop
1201  31.87736570  131.45107910 both 5 N4_stop
1201  31.87751205  131.45097703 both 6 N4_stop
1201  31.87786444  131.45093520 both 7 N4_stop
1201  31.87794827  131.45090173 both 8 N4_start
1201  31.87623026  131.43569682 both 9 N1_stop
1201  31.87626605  131.43558598 both 10 N1_stop
1201  31.87637344  131.43547123 both 11 N1_stop
1201  31.87648944  131.43543454 both 12 N1_stop
1201  31.87668126  131.43542366 both 13 N1_stop
1201  31.87680391  131.43546098 both 14 N1_stop
1201  31.87688035  131.43552676 both 15 N1_stop
1201  31.87702868  131.43572609 both 16 N1_stop
1201  31.87739482  131.43632433 both 17 N1_stop
1201  31.87801000  131.43740400 both 18 NP_stop
1201  31.87808427  131.43763582 both 19 NP_stop
1201  31.87886790  131.44874191 both 20 NP_stop
1201  31.87885945  131.44886918 both 21 NP_stop
1201  31.87757830  131.45575473 both 22 S7_stop
1201  31.87737549  131.45592814 both 23 S7_stop
1201  31.87704739  131.45594335 both 24 S7_stop
1201  31.87450678  131.43606946 both 25 S2_stop
1201  31.87455112  131.43585313 both 26 S2_stop
1201  31.87466855  131.43569825 both 27 S2_stop
1201  31.87483999  131.43564432 both 28 S2_stop
1201  31.87441048  131.43479785 both 29 S1_stop
1201  31.87453013  131.43455329 both 30 S1_stop
1201  31.87470847  131.43443898 both 31 S1_stop
1201  31.87502677  131.43446822 both 32 S1_stop
1201  31.87549997  131.43558252 both 33 S2_stop
1201  31.87578802  131.43555970 both 34 S2_stop
1201  31.87603474  131.43561446 both 35 S2_stop
1201  31.87617942  131.43577570 both 36 S2_stop
1201  31.87525252  131.43456127 both 37 S1_stop
1201  31.87615785  131.43494636 both 38 S1_start
1201  31.87646159  131.46191763 both 39 S8_stop
1201  31.87668990  131.46211385 both 40 S8_stop
1201  31.87695809  131.46216515 both 41 S8_stop
1201  31.87738356  131.46214383 both 42 S8_stop
1201  31.87808609  131.46184383 both 43 S8_start
1201  31.87762734  131.45545112 both 44 S8_start(split)
1201  31.87733280  131.45132692 both 45 S8_start(split)(split)
1201  31.87728923  131.45072075 both 46 S8_start(split)(split)(split)
1201  31.87624073  131.43609655 both 47 S8_start(split)
1201  31.87622155  131.43583230 both 48 S8_start(split)(split)
1201  31.87632323  131.46156939 both 49 SP_stop
1201  31.87549160  131.45027438 both 50 SP_stop
1201  31.87585366  131.45519501 both 51 SP_stop(split)
1201  31.87483077  131.44120331 both 52 SP_stop
1201  31.87440185  131.43509782 both 53 SP_start
1201  31.87449098  131.43636657 both 54 SP_start(split)
1201  31.87698234  131.45592677 both 55 S7_stop
1201  31.87657992  131.45584463 both 56 S7_stop
1201  31.87616103  131.45568266 both 57 S7_stop
1201  31.87596983  131.45551049 both 58 S7_stop
1202 0 46 twoway taxiway N4
1204 departure 27
1204 arrival 09
1202 1 0 twoway taxiway N4
1204 departure 27
1204 arrival 09
1202 6 1 twoway taxiway N4
1204 departure 27
1204 arrival 09
1202 2 21 twoway taxiway N4
1202 3 2 twoway taxiway N4
1202 8 3 twoway taxiway N4
1202 4 45 twoway taxiway N4
1204 arrival 27
1202 5 4 twoway taxiway N4
1204 arrival 27
1202 6 5 twoway taxiway N4
1204 arrival 27
1202 7 6 twoway taxiway N4
1204 departure 27
1204 arrival 09,27
1202 8 7 twoway taxiway N4
1204 departure 27
1204 arrival 09,27
1202 9 48 twoway taxiway N1
1204 departure 09
1204 arrival 27
1202 10 9 twoway taxiway N1
1204 departure 09
1204 arrival 27
1202 11 10 twoway taxiway N1
1204 departure 09
1204 arrival 27
1202 12 11 twoway taxiway N1
1204 departure 09
1204 arrival 27
1202 13 12 twoway taxiway N1
1204 departure 09
1204 arrival 27
1202 14 13 twoway taxiway N1
1204 departure 09
1204 arrival 27
1202 15 14 twoway taxiway N1
1204 departure 09
1204 arrival 27
1202 16 15 twoway taxiway N1
1202 17 16 twoway taxiway N1
1202 18 17 twoway taxiway N1
1202 19 18 twoway taxiway NP
1202 20 19 twoway taxiway NP
1202 21 20 twoway taxiway NP
1202 22 44 twoway taxiway S7
1204 departure 27
1204 arrival 09
1202 23 22 twoway taxiway S7
1204 departure 27
1204 arrival 09
1202 24 23 twoway taxiway S7
1204 departure 27
1204 arrival 09
1202 55 24 twoway taxiway S7
1204 departure 27
1204 arrival 09
1202 25 54 twoway taxiway S2
1202 26 25 twoway taxiway S2
1202 27 26 twoway taxiway S2
1202 28 27 twoway taxiway S2
1202 33 28 twoway taxiway S2
1202 29 53 twoway taxiway S1
1202 30 29 twoway taxiway S1
1202 31 30 twoway taxiway S1
1202 32 31 twoway taxiway S1
1202 37 32 twoway taxiway S1
1202 34 33 twoway taxiway S2
1204 departure 09
1204 arrival 27
1202 35 34 twoway taxiway S2
1204 departure 09
1204 arrival 27
1202 36 35 twoway taxiway S2
1204 departure 09
1204 arrival 27
1202 47 36 twoway taxiway S2
1204 departure 09
1204 arrival 27
1202 38 37 twoway taxiway S1
1204 departure 09
1204 arrival 27
1202 39 49 twoway taxiway S8
1202 40 39 twoway taxiway S8
1202 41 40 twoway taxiway S8
1202 42 41 twoway taxiway S8
1202 43 44 twoway runway 09/27
1204 departure 09,27
1204 arrival 09,27
1202 44 45 twoway runway 09/27
1204 departure 09,27
1204 arrival 09,27
1202 45 46 twoway runway 09/27
1204 departure 09,27
1204 arrival 09,27
1202 46 47 twoway runway 09/27
1204 departure 09,27
1204 arrival 09,27
1202 47 48 twoway runway 09/27
1204 departure 09
1204 arrival 27
1202 48 38 twoway runway 09/27
1204 departure 09
1204 arrival 27
1202 43 42 twoway taxiway S8
1204 departure 27
1204 arrival 09
1202 50 51 twoway taxiway SP
1202 51 49 twoway taxiway SP
1202 52 50 twoway taxiway SP
1202 53 54 twoway taxiway SP
1202 54 52 twoway taxiway SP
1202 56 55 twoway taxiway S7
1202 57 56 twoway taxiway S7
1202 58 57 twoway taxiway S7
1202 51 58 twoway taxiway S7
99
