I
1000 Generated by WorldEditor

1     85 1 0 RJCJ CHITOSE
100 60.96 2 0 0.25 0 3 0 18L  42.81100800  141.66561400 1001  313 2 1 0 0 36R  42.77530300  141.67193600    0  313 3 1 0 0
100 45.11 1 0 0.25 0 3 0 18R  42.81058900  141.66198900    0  488 2 0 0 0 36L  42.78655800  141.66625600    0  305 2 0 0 0
110 1 0.00 120.0000 New Taxiway 21
111  42.79019684  141.66984349
112  42.79044155  141.66963030  42.79070154  141.66953706
111  42.78953394  141.66979174
114  42.78989745  141.66990361  42.78991309  141.67007942
110 1 0.00 120.0000 New Taxiway 15
111  42.81143545  141.66401384
112  42.81146628  141.66396739  42.81144071  141.66400383
113  42.81142944  141.66395119
110 1 0.00 120.0000 New Taxiway 5
111  42.81117178  141.66216288
111  42.81083302  141.66222190
111  42.81084504  141.66233292
111  42.81084504  141.66233292
113  42.81126393  141.66225746
110 1 0.00 120.0000 New Taxiway 3
111  42.81082082  141.66474961
112  42.81066572  141.66507713  42.81049217  141.66511131
113  42.81084929  141.66504260
110 1 0.00 120.0000 New Taxiway 54
111  42.80201061  141.66945576
112  42.80181191  141.66981618  42.80164874  141.66985612
113  42.80204012  141.66977067
110 1 0.00 120.0000 New Taxiway 46
111  42.80146533  141.66385256
111  42.80148514  141.66417648
112  42.80170999  141.66632539  42.80174150  141.66676711
111  42.80147141  141.66692662
111  42.80262828  141.66674871
112  42.80235369  141.66658306  42.80209261  141.66663828
112  42.80226620  141.66624229  42.80233625  141.66616273
111  42.80239463  141.66582858
112  42.80223576  141.66427148  42.80220532  141.66393961
113  42.80199693  141.66379065
110 2 0.00 120.0000 New Taxiway 6
111  42.80625705  141.65910466
112  42.80615667  141.65919573  42.80606122  141.65921134
112  42.80602304  141.65919573  42.80601349  141.65919313
112  42.80595049  141.65929936  42.80597149  141.65942166
111  42.80605740  141.65931497
112  42.80622731  141.65927854  42.80622921  141.65928115
114  42.80627716  141.65932644  42.80628480  141.65936027
110 1 0.00 120.0000 New Taxiway 143
111  42.81026351  141.66232373
112  42.81061835  141.66260632  42.81065384  141.66291522
113  42.81059550  141.66225649
110 1 0.00 120.0000 New Taxiway 142
111  42.81047669  141.66106775
112  42.81021635  141.66177786  42.80996243  141.66182997
113  42.81053816  141.66172802
110 1 0.00 120.0000 New Taxiway 141
111  42.80999534  141.65918760
112  42.81031450  141.65949009  42.81034061  141.65971632
113  42.81028492  141.65913129
110 1 0.00 120.0000 New Taxiway 138
111  42.80199693  141.66379065
112  42.80207703  141.66386714  42.80201276  141.66379326
113  42.80214481  141.66376563
110 1 0.00 120.0000 New Taxiway 137
111  42.80118202  141.66393823
112  42.80149416  141.66418178  42.80151565  141.66441146
113  42.80147156  141.66386622
110 1 0.00 120.0000 New Taxiway 136
111  42.80171587  141.66328203
112  42.80196272  141.66324120  42.80180183  141.66325321
113  42.80169130  141.66281569
110 1 0.00 120.0000 New Taxiway 135
111  42.80136426  141.66286054
112  42.80112055  141.66339156  42.80089038  141.66343219
113  42.80142077  141.66334350
110 1 0.00 120.0000 New Taxiway 133
111  42.80148224  141.66073259
112  42.80151369  141.66099004  42.80149864  141.66080166
113  42.80167418  141.66069920
110 1 0.00 120.0000 New Taxiway 132
111  42.80096187  141.66082765
112  42.80118181  141.66099361  42.80120138  141.66115775
113  42.80116780  141.66078102
110 1 0.00 120.0000 New Taxiway 125
111  42.80121873  141.66055141
112  42.80155791  141.66041199  42.80148285  141.66042460
111  42.80148114  141.66033911
111  42.80162845  141.65938550
111  42.80145352  141.65756612
111  42.80014618  141.65780452
111  42.80032110  141.65964909
112  42.80091444  141.66039966  42.80100661  141.66051436
113  42.80087537  141.66053572
110 1 0.00 120.0000 New Taxiway 118
111  42.79460150  141.66198371
112  42.79490677  141.66230312  42.79493587  141.66258395
113  42.79487670  141.66192944
110 1 0.00 120.0000 New Taxiway 117
111  42.79519304  141.66187390
112  42.79523403  141.66225773  42.79521221  141.66197029
113  42.79547318  141.66182458
110 1 0.00 120.0000 New Taxiway 48
111  42.79700253  141.66847027
112  42.79711608  141.66853925  42.79704113  141.66861876
113  42.79722000  141.66843037
110 1 0.00 120.0000 New Taxiway 38
112  42.79584650  141.67134796  42.79623249  141.67172743
111  42.79597809  141.67217612
112  42.79679238  141.67204566  42.79635385  141.67175984
113  42.79674034  141.67118139
110 1 0.00 120.0000 New Taxiway 32
111  42.78491947  141.67249916
112  42.78467992  141.67292057  42.78452075  141.67295203
113  42.78495835  141.67287332
110 1 0.00 120.0000 New Taxiway 27
111  42.78526996  141.67369639 102
112  42.78542823  141.67323561  42.78578745  141.67316339
111  42.78392482  141.67350822 102
114  42.78446989  141.67403833  42.78452508  141.67449608
110 1 0.00 120.0000 New Taxiway 16
111  42.78047303  141.67057066
112  42.78044388  141.67064887  42.78041649  141.67065385
113  42.78048030  141.67064884
110 1 0.00 120.0000 New Taxiway 14
111  42.77557518  141.67151451
112  42.77563567  141.67150026  42.77560681  141.67150506
113  42.77560725  141.67142661
110 1 0.00 120.0000 New Taxiway 13
111  42.77810003  141.66467179
112  42.77782589  141.66495087  42.77774254  141.66517250
113  42.77794996  141.66500766
110 1 0.00 120.0000 New Taxiway 10
111  42.81286404  141.65833554
112  42.81270412  141.65837558  42.81282468  141.65834953
113  42.81290957  141.65849793
110 1 0.00 120.0000 New Taxiway 6
111  42.81538195  141.65643160
111  42.81501102  141.65614806
111  42.81445636  141.65659701
111  42.81383012  141.65826199
111  42.81401039  141.65896447
111  42.81375732  141.65964969
111  42.81402425  141.65977256
111  42.81424958  141.65917712
111  42.81481811  141.65894556
113  42.81544108  141.65729062
110 1 0.00 120.0000 New Taxiway 2
111  42.80723991  141.66883413
112  42.80678291  141.66856473  42.80703034  141.66873158
113  42.80654890  141.66894997
110 1 0.00 120.0000 New Taxiway 1
111  42.77564830  141.67221055
111  42.77570876  141.67283011
112  42.77598587  141.67293334  42.77584315  141.67287377
112  42.77574347  141.67246605  42.77572388  141.67223724
113  42.77605139  141.67216479
110 1 0.25 37.4100 xxx
111  42.77977189  141.66468418
111  42.78003334  141.66495663
111  42.78023331  141.66460041
113  42.77997186  141.66432797
110 1 0.00 120.0000 New Taxiway 22
111  42.79004320  141.67154994
112  42.78980067  141.67199031  42.78961575  141.67202935
113  42.79008521  141.67197957
110 1 0.00 120.0000 New Taxiway 35
111  42.78505850  141.67058387
112  42.78513832  141.67135542  42.78510366  141.67093889
113  42.78538829  141.67052604
110 1 0.00 120.0000 New Taxiway 34
111  42.78454663  141.67067190
112  42.78476086  141.67089090  42.78478292  141.67108842
113  42.78473887  141.67062037
110 1 0.25 82.4100 xxx
111  42.77537876  141.67220127
111  42.77547296  141.67316436
111  42.77579924  141.67310513
113  42.77570504  141.67214204
110 1 0.00 120.0000 New Taxiway 55
111  42.80236639  141.66971141
112  42.80257655  141.66967314  42.80247956  141.66967754
113  42.80233516  141.66943080
110 1 0.25 82.4100 xxx
111  42.80105184  141.67037873
111  42.80115328  141.67141633
111  42.80147956  141.67135708
113  42.80137811  141.67031947
110 1 0.00 120.0000 New Taxiway 40
111  42.79530747  141.67099308
112  42.79568888  141.67092141  42.79546295  141.67094565
113  42.79565273  141.67063424
110 1 0.00 120.0000 New Taxiway 115
111  42.79486852  141.66505804
112  42.79520030  141.66533463  42.79522870  141.66565388
113  42.79517708  141.66498897
110 1 0.00 120.0000 New Taxiway 114
111  42.79547781  141.66494062
112  42.79553084  141.66528974  42.79550812  141.66498371
113  42.79578972  141.66489495
110 1 0.00 120.0000 New Taxiway 113
111  42.79507504  141.66401851
112  42.79481462  141.66451121  42.79463351  141.66456112
113  42.79512096  141.66445885
110 1 0.00 120.0000 New Taxiway 112
111  42.79543984  141.66440373
112  42.79575683  141.66434401  42.79552965  141.66438271
113  42.79540123  141.66398500
110 1 0.00 120.0000 New Taxiway 4
111  42.81010010  141.66612069
112  42.81049314  141.66653926  42.81070809  141.66676528
112  42.81070195  141.66713362  42.81074494  141.66754381
111  42.81070195  141.66756056
112  42.81051771  141.66812143  42.81045501  141.66825224
111  42.81035196  141.66826043
111  42.81008391  141.66830956
111  42.80988154  141.66879512
112  42.81046244  141.66869068  42.81067982  141.66865172
111  42.81068441  141.66864456
112  42.81117484  141.66801243  42.81142707  141.66753707
111  42.81140821  141.66740987
112  42.81130380  141.66644717  42.81127924  141.66618766
113  42.81103973  141.66598675
110 1 0.00 120.0000 New Taxiway 33
111  42.78564167  141.67274589
112  42.78519610  141.67194769  42.78513217  141.67135407
113  42.78527960  141.67281394
110 1 0.00 120.0000 New Taxiway 54
111  42.80135137  141.67034057
111  42.80145417  141.67131524
112  42.80164095  141.67128618  42.80145572  141.67129308
112  42.80142103  141.67083549  42.80138991  141.67054681
113  42.80167128  141.67028731
110 1 0.00 120.0000 New Taxiway 53
111  42.80078332  141.67044590
112  42.80109003  141.67075582  42.80110704  141.67092639
111  42.80111433  141.67101085
112  42.80089634  141.67140302  42.80073474  141.67143117
111  42.80115513  141.67136723
113  42.80105184  141.67037873
110 1 0.00 120.0000 New Taxiway 4
111  42.81126393  141.66225746
112  42.81117178  141.66216288  42.81109153  141.66217792
113  42.81121893  141.66229962
110 1 0.00 120.0000 New Taxiway 11
111  42.81237663  141.65845026
111  42.81283170  141.65834697
113  42.81222663  141.65720880
110 1 0.00 120.0000 New Taxiway 84
111  42.78646471  141.66346111
111  42.78613123  141.66350476
113  42.78613867  141.66356767
110 1 0.00 120.0000 New Taxiway 81
111  42.78610055  141.66357442
111  42.78586103  141.66400120
112  42.78581300  141.66425572  42.78583079  141.66442782
111  42.78591891  141.66528466
112  42.78600624  141.66543671  42.78608872  141.66551163
111  42.78632322  141.66575182
112  42.78637497  141.66590387  42.78638144  141.66599862
111  42.78638306  141.66600964
111  42.78671289  141.66595004
113  42.78646471  141.66346111
110 1 0.00 120.0000 New Taxiway 82
111  42.78615170  141.66352508
111  42.78611398  141.66356209
113  42.78613284  141.66360115
110 1 0.00 120.0000 New Taxiway 80
111  42.78606685  141.66353360
112  42.78609376  141.66359293  42.78606742  141.66364332
113  42.78616252  141.66350556
110 1 0.00 120.0000 New Taxiway 86
111  42.78643541  141.66655619
111  42.78644945  141.66669173
112  42.78639422  141.66682309  42.78633096  141.66693391
111  42.78629180  141.66700233
111  42.78615322  141.66724349
112  42.78613214  141.66741589  42.78614720  141.66754724
111  42.78627272  141.66885699
112  42.78636109  141.66903760  42.78643339  141.66911422
111  42.78671319  141.66940111
111  42.78672186  141.66953757
111  42.78705574  141.66947845
111  42.78704251  141.66932699
113  42.78676037  141.66649896
110 1 0.00 120.0000 New Taxiway 33
111  42.79044589  141.66573861
111  42.78985867  141.66591643
112  42.79012691  141.66587691  42.79038750  141.66580216
111  42.79025015  141.66598558
111  42.78994567  141.66624242
112  42.78963393  141.66815884  42.78955419  141.66852434
112  42.78973543  141.66873179  42.78984417  141.66895900
111  42.78975718  141.66902815
112  42.79071413  141.66883058  42.79054014  141.66886021
112  42.79036615  141.66860337  42.79022840  141.66838604
111  42.79028640  141.66805018
112  42.79056913  141.66617327  42.79062398  141.66577859
113  42.79095746  141.66574803
110 1 0.00 120.0000 New Taxiway 32
111  42.79543138  141.66763165
112  42.79527326  141.66802566  42.79512261  141.66804661
113  42.79549156  141.66801015
110 1 0.00 120.0000 New Taxiway 31
111  42.79577387  141.66795581
112  42.79603391  141.66788836  42.79586650  141.66791371
113  42.79575630  141.66759217
110 1 0.25 82.4100 xxx
111  42.79486761  141.66190280
111  42.79546580  141.66800026
111  42.79579207  141.66794101
113  42.79519388  141.66184355
110 1 0.00 120.0000 New Taxiway 12
111  42.77794996  141.66500766
112  42.77782104  141.66536089  42.77795627  141.66502357
113  42.77814571  141.66497191
110 1 0.25 117.4100 xxx
111  42.77782589  141.66495087
111  42.77528625  141.67156398
111  42.77557518  141.67151451
113  42.77794996  141.66500766
110 1 0.25 82.4100 xxx
111  42.80114161  141.66058039
111  42.80204012  141.66977067
111  42.80236639  141.66971141
113  42.80146788  141.66052113
110 1 0.25 352.4100 xxx
111  42.80213521  141.66736958
111  42.81386476  141.66523913
111  42.81379338  141.66450902
113  42.80206384  141.66663947
110 1 0.25 352.4100 xxx
111  42.79145978  141.67327654
111  42.80223219  141.67167978
111  42.80218709  141.67120053
113  42.79143109  141.67288533
110 1 0.25 352.4100 xxx
111  42.77882419  141.67443639
111  42.81063589  141.66865965
111  42.81059241  141.66821501
113  42.77878072  141.67399175
110 1 0.25 352.4100 xxx
111  42.77794996  141.66500766
111  42.81055015  141.65908777
111  42.81052044  141.65878394
113  42.77810003  141.66467179
110 1 0.00 120.0000 New Taxiway 15
111  42.78070325  141.67060836
112  42.78074614  141.67059538  42.78070779  141.67059911
113  42.78069574  141.67053322
110 1 0.25 82.4100 xxx
111  42.77989878  141.66464396
111  42.78048030  141.67064884
111  42.78070325  141.67060836
113  42.78012174  141.66460348
110 1 0.00 120.0000 New Taxiway 23
111  42.79067004  141.67183277
112  42.79037217  141.67152068  42.79034644  141.67128772
113  42.79041148  141.67192032
110 1 0.25 82.4100 xxx
111  42.81323143  141.65910539
111  42.81342129  141.66121086
111  42.81383888  141.66113536
113  42.81364860  141.65903131
110 1 0.00 120.0000 New Taxiway 7
111  42.81377339  141.66043221
111  42.81382913  141.66113678
112  42.81395383  141.66110920  42.81389308  141.66111914
112  42.81380719  141.66058881  42.81378159  141.66042609
113  42.81382833  141.66029390
110 1 0.25 297.4100 xxx
111  42.81377339  141.66043221
111  42.81402425  141.65977256
111  42.81375732  141.65964969
113  42.81352152  141.66025727
110 1 0.25 82.4100 xxx
111  42.81084504  141.66233292
111  42.81107347  141.66455534
111  42.81148131  141.66448126
113  42.81126393  141.66225746
110 1 0.00 120.0000 New Taxiway 1
111  42.81122467  141.66497818
112  42.81138778  141.66494573  42.81124507  141.66496705
113  42.81137214  141.66474321
110 1 0.25 82.4100 xxx
111  42.81051141  141.66168670
111  42.81085134  141.66505333
111  42.81112324  141.66500394
113  42.81078331  141.66163731
110 1 0.00 120.0000 New Taxiway 96
111  42.79011610  141.66279395
111  42.79036907  141.66530351
111  42.79094345  141.66520036
111  42.79082083  141.66389641
111  42.79050137  141.66358421
113  42.79104845  141.66262632
110 1 0.25 82.4100 xxx
111  42.78984972  141.66957128
111  42.79008521  141.67197957
111  42.79041148  141.67192032
113  42.79017599  141.66951203
110 1 0.25 82.4100 xxx
111  42.78472282  141.67050217
111  42.78495831  141.67291027
111  42.78528458  141.67285103
113  42.78504909  141.67044294
110 1 0.25 52.4100 xxx
111  42.81222663  141.65720880
111  42.81323143  141.65910539
111  42.81363927  141.65903131
113  42.81217832  141.65647979
110 1 0.25 15.4100 xxx
111  42.77547296  141.67316436
111  42.77882419  141.67443639
111  42.77878072  141.67399175
113  42.77570876  141.67283011
110 1 0.25 142.4100 xxx
111  42.79722000  141.66843037
111  42.79461533  141.67115671
111  42.79481611  141.67151217
113  42.79784476  141.66832128
110 1 0.00 120.0000 New Taxiway 3
111  42.80513095  141.66711925
112  42.80514918  141.66702819  42.80526096  141.66700997
113  42.80499849  141.66704050
110 1 0.00 120.0000 New Taxiway 5
111  42.80770974  141.66875351
112  42.80790895  141.66870226  42.80783260  141.66871810
113  42.80768612  141.66865762
110 1 0.25 23.5500 xxx
111  42.80444936  141.66713371
111  42.80766958  141.66911134
111  42.80779374  141.66872210
113  42.80499849  141.66704050
110 1 0.00 120.0000 New Taxiway 146
111  42.81080365  141.66167063
111  42.81078726  141.66147710
111  42.81113128  141.66088536
111  42.81104391  141.65995494
111  42.81058875  141.65949812
111  42.81055015  141.65908777
111  42.81028492  141.65913129
111  42.81031450  141.65949009
113  42.81053881  141.66172794
110 1 0.00 120.0000 New Taxiway 8
111  42.81338308  141.66075252
112  42.81309407  141.66126485  42.81288077  141.66131820
113  42.81342767  141.66120931
110 1 0.00 120.0000 New Taxiway 4
111  42.81289490  141.66185128
112  42.81261054  141.66190830  42.81287419  141.66187567
113  42.81270080  141.66215254
110 1 0.00 120.0000 New Taxiway 2
111  42.81114653  141.66500927
111  42.81117737  141.66495722
111  42.81110540  141.66492118
113  42.81109953  141.66501728
110 1 0.25 307.4100 xxx
111  42.81119047  141.66503578
111  42.81321918  141.66179803
111  42.81289490  141.66185128
113  42.81092901  141.66476319
110 2 0.25 352.4100 xxx
111  42.80223219  141.67167978
111  42.80805074  141.67062300
111  42.80790581  141.66914062
113  42.80208726  141.67019740
110 2 0.25 352.4100 NorthWestApron
111  42.80629979  141.65955403
111  42.81237663  141.65845026
111  42.81218461  141.65648597
113  42.80610777  141.65758974
110 2 0.25 352.4100 NorthEastApron
111  42.79346744  141.67452973
111  42.80195056  141.67298920
111  42.80182376  141.67169227
113  42.79329039  141.67299695
120 Linear Feature 23
111  42.79019684  141.66984349 3
116  42.79036992  141.66963482  42.79057348  141.66956438
120 Linear Feature 22
111  42.78989656  141.66990561 3
116  42.78969300  141.66976251  42.78946359  141.66976031
120 Linear Feature 20
111  42.81128021  141.66239065 4 103
115  42.81061185  141.66252888
120 Linear Feature 19
111  42.81132291  141.66484387 4 103
115  42.81082388  141.66474521
120 Linear Feature 18
111  42.81267156  141.66220674 4 103
115  42.81283288  141.66240033
120 Linear Feature 17
111  42.81151784  141.66423998 1 101
111  42.81293063  141.66203525 1 101
116  42.81296747  141.66153410  42.81265264  141.66159653
120 Linear Feature 16
111  42.81145764  141.66400766 3
111  42.81274140  141.66210428 3
116  42.81264009  141.66189917  42.81243645  141.66193062
120 Linear Feature 14
111  42.81126361  141.66225762 3
111  42.81143272  141.66401147 3
116  42.81145741  141.66400751  42.81148008  141.66396552
120 Linear Feature 13
111  42.81116692  141.66216536 3
116  42.81126393  141.66225746  42.81128520  141.66238030
120 Linear Feature 12
111  42.81137250  141.66494971 3
112  42.81132443  141.66484417  42.81136485  141.66472354 3
111  42.81137942  141.66471856 3
111  42.81320127  141.66181245 3
116  42.81322052  141.66179701  42.81323241  141.66179624
120 Linear Feature 11
111  42.81030694  141.66231547 3
112  42.81060259  141.66248504  42.81063975  141.66266341 3
111  42.81064298  141.66274710 3
111  42.81083517  141.66473614 3
116  42.81070615  141.66507988  42.81055758  141.66510919
120 Linear Feature 9
111  42.81151861  141.66423930 1 101
112  42.81114148  141.66517397  42.81111862  141.66544918 1 101
116  42.81082911  141.66564595  42.81074530  141.66560961
120 Linear Feature 8
111  42.81110839  141.66345255 1 101
116  42.81098148  141.66471128  42.81087863  141.66484629
120 Linear Feature 7
111  42.81072244  141.66229482 1 101
111  42.81098148  141.66471128 1 101
112  42.81082911  141.66564595  42.81052435  141.66570307 1 101
116  42.81067226  141.66617435  42.81071035  141.66623147
120 Linear Feature 6
111  42.81053850  141.66167615 1 101
112  42.81072288  141.66229874  42.81101202  141.66277854 1 101
111  42.81110839  141.66345255 1 101
111  42.81116706  141.66423000 1 101
116  42.81151861  141.66423930  42.81184965  141.66367954
120 Linear Feature 69
111  42.80694588  141.66842123 1 101
116  42.80816981  141.66887644  42.80873924  141.66882245
120 Linear Feature 68
111  42.81115759  141.66629409 4 103
115  42.81059279  141.66657991
120 Linear Feature 67
111  42.80538329  141.66729827 4 103
115  42.80529105  141.66761447
120 Linear Feature 66
111  42.80694579  141.66841753 1 101
115  42.80485502  141.66719922
120 Linear Feature 65
111  42.80713404  141.66907589 1 101
111  42.81061284  141.66841447 1 101
112  42.81095945  141.66780027  42.81108819  141.66732780 1 101
111  42.81098916  141.66694308 1 101
116  42.81067226  141.66617435  42.81052371  141.66597861
120 Linear Feature 64
111  42.80259986  141.66987894 1 101
111  42.80713404  141.66907589 1 101
116  42.80694588  141.66842123  42.80620810  141.66797579
120 Linear Feature 63
111  42.81099378  141.66599596 3
112  42.81125200  141.66667906  42.81131790  141.66719111 3
111  42.81130472  141.66757740 3
112  42.81102133  141.66812538  42.81088952  141.66831404 3
112  42.81055340  141.66862845  42.81048749  141.66863744 3
111  42.80791396  141.66914173 3
116  42.80788479  141.66919602  42.80789067  141.66925092
120 Linear Feature 62
111  42.80511053  141.66701485 3
112  42.80513083  141.66715314  42.80531007  141.66725916 3
111  42.80766719  141.66870155 3
112  42.80802667  141.66870155  42.80822439  141.66866072 3
111  42.81041364  141.66829555 3
112  42.81078337  141.66731727  42.81074712  141.66654650 3
112  42.81030061  141.66624742  42.81023353  141.66619789 3
115  42.81019720  141.66611407
120 Linear Feature 61
111  42.80250397  141.66968573 3
112  42.80281570  141.66970550  42.80309119  141.66966598 3
111  42.80660487  141.66900148 3
112  42.80661212  141.66836908  42.80596691  141.66800348 3
115  42.80454236  141.66717157
120 Linear Feature 60
111  42.80216272  141.66780282 4 103
115  42.80186009  141.66787124
120 Linear Feature 59
111  42.80181183  141.66981630 3
112  42.80201141  141.66937634  42.80197149  141.66896240 3
115  42.80183427  141.66761516
120 Linear Feature 53
111  42.80233549  141.66580138 4 103
115  42.80171049  141.66593828
120 Linear Feature 52
111  42.80220648  141.66437343 4 103
115  42.80155172  141.66447990
120 Linear Feature 51
111  42.80163729  141.66392963 1 101
112  42.80182330  141.66427192  42.80200931  141.66446967 1 101
112  42.80213207  141.66490571  42.80216928  141.66527077 1 101
111  42.80216556  141.66527336 1 101
112  42.80203535  141.66602376  42.80187538  141.66619108 1 101
116  42.80191258  141.66670673  42.80193862  141.66689433
120 Linear Feature 50
111  42.80191258  141.66670673 1 101
111  42.80215812  141.66936788 1 101
116  42.80174761  141.67005200  42.80132723  141.67012806
120 Linear Feature 49
111  42.80153684  141.66294599 1 101
111  42.80163729  141.66392963 1 101
115  42.80191258  141.66670673
120 Linear Feature 48
111  42.80149014  141.66692189 3
112  42.80173265  141.66647455  42.80174332  141.66607712 3
111  42.80165924  141.66551708 3
111  42.80151192  141.66410506 3
116  42.80132777  141.66392101  42.80117226  141.66390428
120 Linear Feature 47
111  42.80209602  141.66377174 3
112  42.80206800  141.66388777  42.80213913  141.66397295 3
112  42.80217361  141.66411248  42.80218546  141.66414626 3
111  42.80221928  141.66455187 3
111  42.80234442  141.66579484 3
112  42.80224296  141.66619125  42.80216179  141.66629727 3
112  42.80217194  141.66657383  42.80223281  141.66664297 3
112  42.80247293  141.66661531  42.80253719  141.66663375 3
116  42.80259130  141.66668445  42.80260145  141.66673055
120 Linear Feature 45
111  42.79051229  141.66505036 1 101
112  42.79050582  141.66554324  42.79047228  141.66564988 1 101
115  42.79033087  141.66632926
120 Linear Feature 44
111  42.79054925  141.66554592 1 101
112  42.79033087  141.66632926  42.79017138  141.66722822 1 101
111  42.79000464  141.66839390 1 101
116  42.79027287  141.66902613  42.79055561  141.66916443
120 Linear Feature 43
111  42.79028404  141.66850150 4 103
115  42.78977729  141.66874624
120 Linear Feature 42
111  42.79053044  141.66621146 4 103
115  42.79021591  141.66607781
120 Linear Feature 41
111  42.79024833  141.67045887 4 103
115  42.78995835  141.67049839
120 Linear Feature 40
111  42.79681036  141.66941916 4 103
115  42.79660239  141.66908850
120 Linear Feature 39
111  42.79549476  141.66528990 4 103
115  42.79522467  141.66534009
120 Linear Feature 38
111  42.79568103  141.66728059 4 103
115  42.79543178  141.66733128
120 Linear Feature 37
111  42.79494096  141.66503186 3
112  42.79523114  141.66533605  42.79526462  141.66565545 3
111  42.79529438  141.66593429 3
111  42.79546179  141.66762128 3
112  42.79540508  141.66791266  42.79534491  141.66800795 3
115  42.79531228  141.66801645
120 Linear Feature 36
111  42.79596610  141.66790171 3
112  42.79570647  141.66750366  42.79567210  141.66718626 3
111  42.79549527  141.66529042 3
116  42.79570361  141.66490511  42.79590078  141.66481893
120 Linear Feature 28
111  42.78703973  141.67385328 1 101
116  42.78717162  141.67400535  42.78719192  141.67418968
120 Linear Feature 27
111  42.78727309  141.67504220 1 101
111  42.78717162  141.67400535 1 101
116  42.78729000  141.67380719  42.78740498  141.67377954
120 Linear Feature 26
111  42.78648170  141.67395005 1 101
116  42.78660683  141.67407908  42.78660683  141.67419889
120 Linear Feature 25
111  42.78671506  141.67513898 1 101
111  42.78660683  141.67407908 1 101
116  42.78673197  141.67389936  42.78686048  141.67386710
120 Linear Feature 24
111  42.78592482  141.67405144 1 101
116  42.78605334  141.67421273  42.78606348  141.67443392
120 Linear Feature 23
111  42.78616494  141.67524957 1 101
111  42.78605334  141.67421273 1 101
116  42.78620891  141.67399614  42.78640168  141.67395467
120 Linear Feature 22
111  42.78557323  141.67411376 1 101
116  42.78547420  141.67479070  42.78553857  141.67542491
120 Linear Feature 21
111  42.78495924  141.67403506 1 101
112  42.78547420  141.67479070  42.78551876  141.67518202 1 101
115  42.78552867  141.67528322
120 Linear Feature 20
111  42.78840545  141.67360310 1 101
115  42.78533434  141.67415680
120 Linear Feature 19
111  42.79218410  141.67335230 1 101
116  42.79196689  141.67300148  42.79181279  141.67302732
120 Linear Feature 18
111  42.79239582  141.67575174 1 101
111  42.79218410  141.67335230 1 101
116  42.79230247  141.67295590  42.79247495  141.67292364
120 Linear Feature 17
111  42.79253012  141.67577417 3
112  42.79237210  141.67356176  42.79238528  141.67325641 3
112  42.79264890  141.67304985  42.79284003  141.67299597 3
111  42.80221526  141.67163959 3
111  42.80802314  141.67056556 3
115  42.80788479  141.66919602
120 Linear Feature 16
111  42.79144856  141.67327491 3
112  42.79208695  141.67374333  42.79214424  141.67434000 3
115  42.79226700  141.67578568
120 Linear Feature 14
111  42.76530931  141.68997541 1 101
116  42.76597547  141.69032790  42.76584898  141.69065728
120 Linear Feature 10
111  42.81378607  141.66071002 4 103
115  42.81340974  141.66076401
120 Linear Feature 9
111  42.80782911  141.65940809 1 101
112  42.80800917  141.65913198  42.80798667  141.65892337 1 101
112  42.80825675  141.65888656  42.80840980  141.65885588 1 101
111  42.81234077  141.65811955 1 101
112  42.81298448  141.65818091  42.81307451  141.65832818 1 101
111  42.81342659  141.65900928 1 101
111  42.81356614  141.66030400 1 101
111  42.81362761  141.66106100 1 101
116  42.81333547  141.66149973  42.81301362  141.66158073
120 Linear Feature 3
111  42.81048120  141.65951184 1 101
112  42.81072044  141.65986757  42.81098868  141.66016402 1 101
112  42.81101768  141.66056917  42.81101768  141.66057905 1 101
116  42.81065520  141.66117195  42.81029271  141.66137946
120 Linear Feature 2
111  42.80164114  141.66052732 1 101
111  42.80633395  141.65969322 1 101
111  42.81000273  141.65898811 1 101
112  42.81048120  141.65951184  42.81055370  141.66013438 1 101
111  42.81058995  141.66035177 1 101
111  42.81065520  141.66117195 1 101
112  42.81053920  141.66167591  42.81045221  141.66180437 1 101
116  42.81019122  141.66206130  42.80999548  141.66211070
120 Linear Feature 1
111  42.81076770  141.66148366 4
115  42.81047143  141.66136555
120 Linear Feature 147
111  42.81079011  141.66167578 3
111  42.81076906  141.66148064 3
111  42.81110280  141.66085429 3
111  42.81101574  141.65996423 3
111  42.81059493  141.65953185 3
111  42.81049820  141.65880661 3
111  42.81237624  141.65842886 3
111  42.81275029  141.65834326 3
112  42.81298210  141.65852190  42.81311316  141.65875638 3
111  42.81327697  141.65907273 3
111  42.81343705  141.66057942 3
116  42.81320084  141.66124826  42.81301187  141.66127798
120 Linear Feature 144
111  42.81047669  141.66106775 3
116  42.81024323  141.66179630  42.80996015  141.66184943
120 Linear Feature 140
111  42.80169738  141.66289373 4 103
115  42.80137477  141.66295472
120 Linear Feature 139
111  42.80195941  141.66325052 3
112  42.80168817  141.66283390  42.80163577  141.66239910 3
111  42.80150015  141.66099138 3
112  42.80168200  141.66067840  42.80189006  141.66063639 3
111  42.80998790  141.65916757 3
112  42.81032135  141.65949606  42.81035778  141.65986083 3
115  42.81047669  141.66106775
120 Linear Feature 134
111  42.80089804  141.66082127 3
112  42.80119108  141.66095019  42.80121061  141.66113937 3
111  42.80137441  141.66286505 3
116  42.80111112  141.66340669  42.80079650  141.66346763
120 Linear Feature 131
111  42.80087509  141.66054665 3
112  42.80094159  141.66039333  42.80085625  141.66025740 3
111  42.80037727  141.65963383 3
111  42.80018477  141.65784297 3
111  42.80141511  141.65763765 3
111  42.80156576  141.65933726 3
111  42.80142348  141.66026121 3
112  42.80158633  141.66043998  42.80177108  141.66039522 3
111  42.80629283  141.65958064 3
112  42.80631235  141.65942631  42.80629283  141.65925601 3
111  42.80615317  141.65761388 3
111  42.81216796  141.65650562 3
111  42.81355311  141.65891752 3
112  42.81364650  141.65921666  42.81366067  141.65941630 3
111  42.81368430  141.65966747 3
112  42.81376934  141.65973831  42.81385438  141.65948715 3
111  42.81405753  141.65900413 3
111  42.81389217  141.65825707 3
111  42.81448765  141.65664223 3
111  42.81501587  141.65621364 3
111  42.81535600  141.65647936 3
111  42.81539373  141.65726797 3
111  42.81479006  141.65884520 3
111  42.81428700  141.65906807 3
111  42.81384053  141.66017384 3
116  42.81389308  141.66111914  42.81411336  141.66144947
120 Linear Feature 130
111  42.80134217  141.66080994 1 101
116  42.80120617  141.66017189  42.80114031  141.65980010
120 Linear Feature 129
111  42.80120617  141.66017189 1 101
116  42.80084253  141.66067412  42.80052127  141.66071275
120 Linear Feature 128
111  42.80164114  141.66052732 1 101
116  42.80120617  141.66017833  42.80108275  141.65976910
120 Linear Feature 127
111  42.80134217  141.66080994 1 101
116  42.80164114  141.66052732  42.80197186  141.66046293
120 Linear Feature 126
111  42.80084253  141.66067412 1 101
112  42.80134217  141.66080994  42.80135914  141.66101810 1 101
115  42.80153881  141.66294608
120 Linear Feature 124
111  42.79570631  141.66159635 1 101
115  42.80084253  141.66067412
120 Linear Feature 123
111  42.79507504  141.66220559 1 101
116  42.79570631  141.66159635  42.79637633  141.66147929
120 Linear Feature 122
111  42.79478896  141.66179591 1 101
115  42.79570631  141.66159635
120 Linear Feature 121
111  42.79536450  141.66384372 4 103
115  42.79509764  141.66388475
120 Linear Feature 120
111  42.79575536  141.66434464 3
112  42.79545346  141.66420015  42.79536617  141.66397592 3
112  42.79535533  141.66372841  42.79533329  141.66350450 3
111  42.79519472  141.66228937 3
112  42.79549537  141.66176792  42.79585458  141.66171471 3
115  42.80089940  141.66082087
120 Linear Feature 119
111  42.79507504  141.66220559 1 101
111  42.79525065  141.66406112 1 101
111  42.79539293  141.66541839 1 101
115  42.79556033  141.66732312
120 Linear Feature 116
111  42.79116182  141.66245516 1 101
111  42.79478896  141.66179591 1 101
116  42.79507504  141.66220559  42.79511140  141.66257232
120 Linear Feature 111
111  42.79089776  141.66490393 4 103
115  42.79034919  141.66501187
120 Linear Feature 110
111  42.79085802  141.66506125 1 101
116  42.79054925  141.66554592  42.79025883  141.66560308
120 Linear Feature 109
111  42.79051229  141.66505036 1 101
116  42.79118495  141.66543159  42.79180773  141.66533046
120 Linear Feature 108
111  42.79085802  141.66506125 1 101
116  42.79118316  141.66543219  42.79148326  141.66538821
120 Linear Feature 107
111  42.79037629  141.66527823 3
112  42.79034935  141.66531847  42.79031172  141.66532463
111  42.78671580  141.66595764 3
116  42.78670501  141.66593654  42.78670108  141.66590920
120 Linear Feature 105
111  42.79079240  141.66436341 1 101
112  42.79070731  141.66471425  42.79060337  141.66473550 1 101
111  42.79059298  141.66473550 1 101
116  42.79051287  141.66505176  42.79053365  141.66539167
120 Linear Feature 104
111  42.79038445  141.66376237 1 101
112  42.79059068  141.66401879  42.79079691  141.66411725 1 101
112  42.79079240  141.66436341  42.79080745  141.66452136 1 101
115  42.79085802  141.66506125
120 Linear Feature 103
111  42.79116182  141.66245516 1 101
112  42.79062792  141.66293885  42.79042550  141.66330262 1 101
116  42.79038576  141.66376337  42.79040629  141.66402321
120 Linear Feature 102
111  42.79010199  141.66266713 1 101
115  42.79116182  141.66245516
120 Linear Feature 101
111  42.78656492  141.66328434 1 101
111  42.79010199  141.66266713 1 101
112  42.79030743  141.66296779  42.79033786  141.66327883 1 101
111  42.79051229  141.66505036 1 101
116  42.79027699  141.66559089  42.78994221  141.66564273
120 Linear Feature 95
111  42.78702508  141.66934069 4 103
115  42.78672160  141.66937677
120 Linear Feature 94
111  42.78666988  141.66672683 1 101
115  42.78691247  141.66950327
120 Linear Feature 93
111  42.78658614  141.66598892 1 101
111  42.78666988  141.66672683 1 101
112  42.78658680  141.66707165  42.78646933  141.66724732 1 101
112  42.78630316  141.66778214  42.78634327  141.66813348 1 101
111  42.78639710  141.66870406 1 101
112  42.78668327  141.66911643  42.78690466  141.66926549 1 101
115  42.78691247  141.66950327
120 Linear Feature 92
111  42.78630897  141.66361824 1 101
115  42.78658582  141.66598895
120 Linear Feature 91
111  42.78605037  141.66339604 1 101
112  42.78630897  141.66361824  42.78633834  141.66388686 1 101
112  42.78594404  141.66438411  42.78599018  141.66482991 1 101
112  42.78626703  141.66550434  42.78656485  141.66578440 1 101
115  42.78658582  141.66598895
120 Linear Feature 90
111  42.78675973  141.66666778 4 103
115  42.78645429  141.66673231
120 Linear Feature 89
111  42.78668160  141.66570063 4 103
115  42.78635722  141.66576193
120 Linear Feature 83
111  42.78609195  141.66351242 3
112  42.78611493  141.66357752  42.78607476  141.66364867 3
111  42.78586891  141.66400852 3
112  42.78582848  141.66424431  42.78583656  141.66435008 3
111  42.78593845  141.66528648 3
112  42.78603548  141.66542971  42.78612281  141.66552667 3
111  42.78635569  141.66576466 3
112  42.78639289  141.66591009  42.78639936  141.66599824 3
111  42.78640011  141.66600547
111  42.78670501  141.66593654 3
111  42.78646097  141.66346849 3
116  42.78652054  141.66343258  42.78658361  141.66342127
120 Linear Feature 79
111  42.78507985  141.67226039 1 101
115  42.78497290  141.67121270
120 Linear Feature 78
111  42.78511637  141.67119158 4 103
115  42.78481698  141.67124757
120 Linear Feature 77
111  42.77576473  141.67259787 4 103
115  42.77542790  141.67264816
120 Linear Feature 76
111  42.77584316  141.67077767 4 103
115  42.77564476  141.67062680
120 Linear Feature 75
111  42.78068129  141.67040376 4 103
115  42.78045973  141.67045004
120 Linear Feature 74
111  42.78073505  141.67059823 3
112  42.78069197  141.67052100  42.78068290  141.67043837 3
111  42.78012899  141.66476439 3
112  42.78024949  141.66457907  42.78037820  141.66455420 3
115  42.78609195  141.66351242
120 Linear Feature 73
111  42.77562838  141.67150217 3
112  42.77560455  141.67144804  42.77560228  141.67139321 3
111  42.77563402  141.67134224 3
111  42.77781953  141.66534704 3
112  42.77814885  141.66495846  42.77835762  141.66493643 3
111  42.77976645  141.66466893 3
112  42.77992976  141.66484068  42.77994552  141.66499525 3
111  42.77998649  141.66547614 3
111  42.78047540  141.67056644 3
116  42.78045682  141.67064557  42.78043475  141.67065189
120 Linear Feature 72
111  42.77529656  141.67155838 3
111  42.77783076  141.66498267 3
112  42.77815893  141.66467820  42.77840636  141.66463562 3
111  42.79018152  141.66248626 3
115  42.80087509  141.66054665
120 Linear Feature 71
111  42.78029346  141.66441926 1 101
115  42.78605037  141.66339604
120 Linear Feature 70
111  42.78029346  141.66441926 1 101
115  42.77969012  141.66451764
120 Linear Feature 69
111  42.78003334  141.66495663 1 101
116  42.78029346  141.66441926  42.78060001  141.66436852
120 Linear Feature 63
111  42.80174761  141.67005200 1 101
115  42.80074227  141.67023056
120 Linear Feature 62
111  42.80126532  141.67059841 1 101
116  42.80174761  141.67005200  42.80222748  141.66995767
120 Linear Feature 61
111  42.80179671  141.67151231 1 101
115  42.80106230  141.67160835
120 Linear Feature 60
111  42.80133637  141.67127631 1 101
116  42.80179671  141.67151231  42.80215724  141.67144616
120 Linear Feature 58
111  42.80185728  141.67023977 3
112  42.80140076  141.67083436  42.80145757  141.67141073 3
116  42.80174777  141.67131770  42.80194606  141.67128132
120 Linear Feature 57
111  42.80071462  141.67001776 3
115  42.80181191  141.66981618
120 Linear Feature 56
111  42.80076296  141.67043157 3
112  42.80109041  141.67063013  42.80111447  141.67086147 3
111  42.80112489  141.67102796 3
112  42.80094473  141.67140485  42.80075895  141.67143763 3
111  42.80075895  141.67143763 3
115  42.79681340  141.67208482
120 Linear Feature 55
111  42.80074227  141.67023056 1 101
112  42.80126532  141.67059841  42.80131607  141.67105496 1 101
111  42.80133637  141.67127631 1 101
112  42.80106230  141.67160835  42.80078314  141.67166369 1 101
111  42.79674184  141.67222841 1 101
115  42.79613248  141.67237706
120 Linear Feature 52
111  42.79670280  141.67093954 1 101
111  42.79945904  141.67043319 1 101
115  42.80074227  141.67023056
120 Linear Feature 51
111  42.79670280  141.67093954 1 101
116  42.79636136  141.67157504  42.79644243  141.67197092
120 Linear Feature 50
111  42.79670280  141.67093954 1 101
115  42.79578405  141.67113287
120 Linear Feature 49
111  42.79636136  141.67157504 1 101
116  42.79674184  141.67222841  42.79705935  141.67216397
120 Linear Feature 47
111  42.79020215  141.67123285 1 101
115  42.79007830  141.67004804
120 Linear Feature 46
111  42.78438882  141.67319508 1 101
115  42.78530465  141.67300243
120 Linear Feature 45
111  42.78476959  141.67359672 1 101
116  42.78438882  141.67319508  42.78408175  141.67325365
120 Linear Feature 44
111  42.79530097  141.67073066 1 101
116  42.79579734  141.67114061  42.79655924  141.67101951
120 Linear Feature 43
111  42.79476950  141.67130919 1 101
111  42.79579734  141.67114061 1 101
112  42.79636136  141.67157504  42.79640223  141.67200947 1 101
112  42.79613248  141.67237706  42.79580551  141.67243276 1 101
111  42.79309987  141.67283377 1 101
115  42.79145704  141.67307997
120 Linear Feature 42
111  42.79669715  141.67119984 3
112  42.79689931  141.67111389  42.79707720  141.67109185 3
111  42.80076344  141.67043275
111  42.80071656  141.67001743 3
111  42.79570794  141.67092827 3
112  42.79556434  141.67086354  42.79555109  141.67077021 3
112  42.79561736  141.67066935  42.79562620  141.67065129 3
111  42.79570021  141.67057000 3
111  42.79784476  141.66832128
111  42.79700289  141.66846630 3
112  42.79711887  141.66853852  42.79703282  141.66863539 3
111  42.79467484  141.67109965 3
112  42.79462724  141.67111970  42.79458426  141.67112656 3
111  42.79067094  141.67184022 3
112  42.79047284  141.67175066  42.79038794  141.67165736 3
112  42.79033865  141.67136667  42.79031126  141.67110535 3
111  42.79019684  141.66984349
111  42.78989656  141.66990561 3
111  42.79005188  141.67151183 3
112  42.78983811  141.67199490  42.78963011  141.67204644 3
111  42.78564482  141.67276239 3
112  42.78518155  141.67192504  42.78511537  141.67118646 3
111  42.78511505  141.67119002 3
112  42.78539933  141.67051759  42.78560659  141.67046479
111  42.78450331  141.67066503 3
112  42.78478529  141.67087620  42.78480682  141.67109617 3
111  42.78493522  141.67255843 3
112  42.78471065  141.67292046  42.78446426  141.67297121 3
111  42.77886064  141.67399140
111  42.77891794  141.67440905 3
115  42.78378390  141.67348071
120 Linear Feature 41
111  42.79476804  141.67131167 1 101
112  42.79530097  141.67073066  42.79583390  141.67012199 1 101
111  42.79631607  141.66965856 1 101
115  42.79733273  141.66858121
120 Linear Feature 39
111  42.79681340  141.67208482 3
116  42.79669680  141.67119579  42.79707183  141.67050002
120 Linear Feature 31
111  42.78580223  141.67292048 1 101
111  42.78530465  141.67300243 1 101
116  42.78476959  141.67359672  42.78490218  141.67409042
120 Linear Feature 30
111  42.78533434  141.67415680 1 101
116  42.78476959  141.67359672  42.78461832  141.67290109
120 Linear Feature 29
111  42.78378390  141.67348071 3
112  42.78429444  141.67359665  42.78447092  141.67378559 3
112  42.78456232  141.67409476  42.78457492  141.67425364 3
115  42.78458438  141.67436958
120 Linear Feature 28
111  42.78581807  141.67313642 3
111  42.78537450  141.67320845 3
112  42.78519447  141.67350441  42.78522578  141.67372038 3
116  42.78555810  141.67393761  42.78580662  141.67390295
120 Linear Feature 26
111  42.79020215  141.67123285 1 101
112  42.79044857  141.67199946  42.79066640  141.67205431 1 101
116  42.79069209  141.67227517  42.79069919  141.67236229
120 Linear Feature 25
111  42.79020215  141.67123285 1 101
116  42.79091087  141.67200544  42.79158084  141.67189893
120 Linear Feature 24
111  42.78985049  141.67218772 1 101
116  42.79020215  141.67123285  42.79012398  141.67048729
120 Linear Feature 21
111  42.79069209  141.67227517 1 101
112  42.79027377  141.67212016  42.78985049  141.67218771 1 101
111  42.78985049  141.67218772 1 101
115  42.78580223  141.67292048
120 Linear Feature 20
111  42.79073868  141.67272367 1 101
111  42.79069209  141.67227517 1 101
112  42.79091087  141.67200544  42.79116872  141.67195575 1 101
111  42.79116090  141.67195575 1 101
111  42.79154377  141.67187767 1 101
115  42.79476950  141.67130919
120 Linear Feature 19
111  42.79098918  141.67265995 3
112  42.79105013  141.67214908  42.79122447  141.67211756 3
111  42.79122137  141.67211689 3
111  42.79497199  141.67147871 3
111  42.79582823  141.67132331 3
112  42.79595846  141.67140720  42.79600582  141.67150401 3
111  42.79612863  141.67173136 3
112  42.79611473  141.67194607  42.79607789  141.67204922 3
111  42.79606264  141.67209599 3
112  42.79597267  141.67221066  42.79591584  141.67222035 3
111  42.79247130  141.67273722 3
115  42.79143109  141.67288533
120 Linear Feature 18
111  42.79049432  141.67284927 3
112  42.79030391  141.67231836  42.78987125  141.67239169 3
111  42.78986479  141.67239462 3
115  42.78581811  141.67313670
120 Linear Feature 37
111  42.78507985  141.67226039 1 101
116  42.78491919  141.67315337  42.78466735  141.67331186
120 Linear Feature 36
111  42.78580223  141.67292048 1 101
116  42.78507985  141.67226039  42.78499680  141.67144310
120 Linear Feature 58
111  42.80213923  141.66756167 3
111  42.80231799  141.66939652 3
116  42.80250397  141.66968573  42.80266016  141.66975433
120 Linear Feature 57
111  42.80260072  141.66987528 1 101
115  42.80174761  141.67005200
120 Linear Feature 56
111  42.80215812  141.66936788 1 101
116  42.80260072  141.66987528  42.80304233  141.66979529
120 Linear Feature 85
111  42.78651836  141.66343395 3
115  42.79009303  141.66278299
120 Linear Feature 88
111  42.78703873  141.66948099 3
115  42.78674248  141.66651193
120 Linear Feature 87
111  42.78644429  141.66655395 3
112  42.78645320  141.66673245  42.78643400  141.66677264 3
111  42.78616959  141.66724069 3
112  42.78615021  141.66744893  42.78616743  141.66763371 3
111  42.78616743  141.66763371 3
111  42.78629013  141.66883139 3
112  42.78639345  141.66904550  42.78648385  141.66914228 3
111  42.78670986  141.66936226 3
112  42.78674215  141.66945318  42.78674646  141.66952357 3
115  42.78674733  141.66953280
120 Linear Feature 35
111  42.79020817  141.66584505 3
112  42.79026067  141.66603963  42.79006748  141.66623422 3
112  42.78994148  141.66646314  42.78989528  141.66670924 3
111  42.78974579  141.66769537 3
112  42.78969539  141.66857455  42.78977729  141.66874624 3
112  42.78980879  141.66895227  42.78979619  141.66899233 3
115  42.78979199  141.66900664
120 Linear Feature 34
111  42.79058228  141.66884737 3
112  42.79026120  141.66839724  42.79021269  141.66803840 3
111  42.79029816  141.66767327 3
111  42.79055677  141.66604536 3
112  42.79071846  141.66582502  42.79084026  141.66576206 3
115  42.79088226  141.66574775
120 Linear Feature 67
111  42.77569575  141.67083249 1 101
111  42.77788908  141.66502159 1 101
112  42.77814076  141.66482417  42.77830473  141.66478781 1 101
111  42.77969012  141.66451764 1 101
112  42.78003334  141.66495663  42.78007910  141.66539824 1 101
115  42.78058038  141.67054324
120 Linear Feature 59
111  42.80174811  141.67132038 3
111  42.80214519  141.67124307 3
112  42.80219877  141.67108844  42.80218616  141.67091234 3
111  42.80211053  141.67019933 3
115  42.80185728  141.67023977
120 Linear Feature 100
111  42.78605037  141.66339604 1 101
115  42.78656627  141.66327782
120 Linear Feature 99
111  42.78630715  141.66362122 1 101
116  42.78656627  141.66327782  42.78688218  141.66321978
120 Linear Feature 98
111  42.79092729  141.66518813 3
111  42.79080253  141.66397935 3
112  42.79065550  141.66379335  42.79051275  141.66367066 3
111  42.79051125  141.66365835 3
112  42.79051857  141.66347148  42.79060010  141.66333035 3
111  42.79101551  141.66262020 3
112  42.79121573  141.66257182  42.79132222  141.66254763 3
111  42.79457708  141.66196071 3
112  42.79494817  141.66223775  42.79497721  141.66252358 3
111  42.79510644  141.66400536 3
112  42.79486731  141.66450746  42.79455983  141.66457486
111  42.79099237  141.66520139 3
116  42.79092729  141.66518813  42.79092225  141.66515963
120 Linear Feature 97
111  42.79009304  141.66278428 3
112  42.79012943  141.66281124  42.79013327  141.66284778 3
115  42.79037629  141.66527823
120 Linear Feature 66
111  42.78438882  141.67319508 1 101
111  42.77889275  141.67420598 1 101
112  42.77856772  141.67412680  42.77842996  141.67405935 1 101
111  42.77594398  141.67312036 1 101
112  42.77561693  141.67277886  42.77558620  141.67251227 1 101
111  42.77555871  141.67227069 1 101
111  42.77549273  141.67157927 1 101
116  42.77569575  141.67083249  42.77588354  141.67035539
120 Linear Feature 65
111  42.77539640  141.67230080 3
111  42.77548167  141.67315445 3
111  42.77874443  141.67439515 3
116  42.77891794  141.67440905  42.77902729  141.67439250
120 Linear Feature 64
111  42.77886064  141.67399140 3
112  42.77866897  141.67397192  42.77855536  141.67391762 3
111  42.77601019  141.67296266 3
112  42.77574256  141.67255055  42.77571041  141.67228057 3
116  42.77595387  141.67217843  42.77611431  141.67214330
21  42.80035121  141.66815106 2 172.6000 3.0 18L PAPI-4L
21  42.80885605  141.66284800 2 172.5800 3.0 18R PAPI-4L
21  42.78829098  141.66539743 2 352.5800 3.0 36L PAPI-4L
21  42.77813102  141.67078670 2 352.6000 3.0 36R PAPI-4L
18  42.79875843  141.66604331 4 BCN
19  42.81107025  141.66274060 1 WS
19  42.81165808  141.66663000 1 WS
19  42.78607678  141.66550466 1 WS
19  42.77465297  141.67092054 1 WS

1     15 0 0 RJGG CHUBU CENTRAIR INTL
100 67.06 1 0 0.25 1 2 0 18  34.87385266  136.80168702    0   60 2 1 1 1 36  34.84297534  136.80913099    0   60 2 1 1 1
110 1 0.00 120.0000 New Taxiway 26
111  34.86055767  136.80532867
112  34.86206524  136.80555352  34.86252491  136.80573494
113  34.86123052  136.80507504
110 1 0.00 120.0000 New Taxiway 32
111  34.87387792  136.80423648
111  34.87348601  136.80435786
111  34.87351170  136.80454580
113  34.87392289  136.80447924
110 1 0.00 120.0000 New Taxiway 31
111  34.87302764  136.80445460
111  34.87267455  136.80454520
111  34.87275154  136.80472965
113  34.87304888  136.80467464
110 1 0.00 120.0000 New Taxiway 30
111  34.87296127  136.80399186
111  34.87255508  136.80411159
111  34.87260286  136.80428957
113  34.87299048  136.80419896
110 1 0.00 120.0000 New Taxiway 28
111  34.87397548  136.80485486
111  34.87359369  136.80493720
111  34.87362338  136.80516052
113  34.87400619  136.80504574
110 1 0.00 120.0000 New Taxiway 27
112  34.87407041  136.80529348  34.87405759  136.80529348
111  34.87362147  136.80540814
111  34.87368133  136.80561660
113  34.87410890  136.80552800
110 1 0.00 120.0000 New Taxiway 26
112  34.87323238  136.80549152  34.87322811  136.80549152
111  34.87288605  136.80560096
111  34.87297328  136.80576722
113  34.87327514  136.80573646
110 1 0.00 120.0000 New Taxiway 25
111  34.87313404  136.80503812
111  34.87280054  136.80523616
111  34.87283474  136.80532996
113  34.87316397  136.80526222
110 1 0.00 120.0000 New Taxiway 2
111  34.85266016  136.80888370 102
112  34.85258784  136.80892592  34.85255819  136.80893279
113  34.85263325  136.80892352
110 1 0.00 120.0000 New Taxiway 28
111  34.87275214  136.80472796 102
112  34.87281434  136.80514306  34.87255336  136.80547401
111  34.87312541  136.80509807
113  34.87307268  136.80462896
110 1 0.00 120.0000 New Taxiway 31
111  34.84988364  136.81494961
112  34.85012722  136.81512031  34.85015867  136.81530844
113  34.85010005  136.81483551
110 1 0.00 120.0000 New Taxiway 30
111  34.85073992  136.81332160 102
112  34.85058800  136.81363170  34.85043578  136.81366879
113  34.85080914  136.81367464
110 1 0.00 120.0000 New Taxiway 29
111  34.85021430  136.81125590 102
112  34.85042706  136.81140234  34.85044174  136.81150782
113  34.85041144  136.81119204
110 1 0.00 120.0000 New Taxiway 28
111  34.84394380  136.81035598 102
112  34.84342273  136.81049556  34.84309879  136.80990544
111  34.84350925  136.81125580
113  34.84409050  136.81107639
110 1 0.00 120.0000 New Taxiway 27
111  34.84383210  136.80931213
111  34.84364925  136.80942461
113  34.84384275  136.80955007
110 1 0.00 120.0000 New Taxiway 26
111  34.84402551  136.80966088
111  34.84367611  136.80935317
111  34.84319178  136.80951335
112  34.84332986  136.80992804  34.84333124  136.80991693 102
112  34.84340101  136.80977375  34.84345426  136.80971606 102
112  34.84352138  136.80972416  34.84353598  136.80971986 102
111  34.84362598  136.80973389 102
112  34.84375272  136.80978885  34.84387516  136.80985167 102
113  34.84388175  136.80997471 103
110 1 0.00 120.0000 New Taxiway 25
111  34.84453830  136.81087153
112  34.84470374  136.81082661  34.84453795  136.81087130 102
113  34.84450761  136.81064540
110 1 0.00 120.0000 New Taxiway 24
111  34.84425063  136.80921870
112  34.84431834  136.80947908  34.84428117  136.80923175 102
113  34.84446155  136.80921548
110 1 0.00 120.0000 New Taxiway 23
111  34.84459130  136.81149676
111  34.84465357  136.81198573
112  34.84507024  136.81183208  34.84478310  136.81170983 102
113  34.84501658  136.81141514
110 1 0.00 120.0000 New Taxiway 22
111  34.84368613  136.81197565
111  34.84341767  136.81209522
113  34.84369590  136.81225166
110 1 0.00 120.0000 New Taxiway 21
111  34.84410403  136.81214220
111  34.84390289  136.81227783
113  34.84411965  136.81239442
110 1 0.00 120.0000 New Taxiway 20
111  34.84341767  136.81209522 102
112  34.84413443  136.81255543  34.84467851  136.81244814
113  34.84395202  136.81228719
110 1 0.00 120.0000 New Taxiway 18
111  34.84419783  136.81156757
111  34.84358829  136.81171709
111  34.84372982  136.81240626
113  34.84427390  136.81210353
112  34.84403504  136.81195176  34.84399983  136.81198215 102
112  34.84391913  136.81196607  34.84388685  136.81194998 102
112  34.84388392  136.81185166  34.84388539  136.81180518 102
112  34.84392647  136.81176763  34.84395875  136.81175870 102
112  34.84403797  136.81178194  34.84407465  136.81179445 102
113  34.84408346  136.81184808 102
110 1 0.00 120.0000 New Taxiway 17
111  34.85571624  136.80640288
112  34.85551477  136.80674461  34.85567373  136.80658755
113  34.85612652  136.80640304
110 1 0.00 120.0000 New Taxiway 16
111  34.84913322  136.80932832 102
112  34.84890927  136.80981699  34.84869584  136.80986978
113  34.84927872  136.80977836
110 1 0.00 120.0000 New Taxiway 15
111  34.84882102  136.80816461 102
112  34.84896055  136.80826498  34.84897424  136.80835422
113  34.84894121  136.80812436
110 1 0.00 120.0000 New Taxiway 14
111  34.84941893  136.80799727
112  34.84947525  136.80825907  34.84945428  136.80801919 102
113  34.84963307  136.80796828
110 1 0.00 120.0000 New Taxiway 13
111  34.84939582  136.81085279
111  34.84935716  136.81033714
112  34.84898494  136.81045944  34.84927923  136.81057199 102
113  34.84906516  136.81086899
110 1 0.00 120.0000 New Taxiway 12
111  34.84971874  136.81021520
111  34.84979199  136.81073346
112  34.85013028  136.81061230  34.84976640  136.81045970 102
113  34.85007505  136.81019573
110 1 0.00 120.0000 New Taxiway 11
111  34.85241500  136.80963176 102
112  34.85247078  136.81004817  34.85227491  136.81033182
111  34.85276178  136.80999260
113  34.85268540  136.80951091
110 1 0.00 120.0000 New Taxiway 10
111  34.84979198  136.80911090 102
112  34.84961402  136.80910215  34.84959272  136.80895505
113  34.84962014  136.80930798
110 1 0.00 120.0000 New Taxiway 9
111  34.85076709  136.80769539 102
112  34.85080681  136.80804634  34.85038538  136.80852155
113  34.85129641  136.80754865
110 1 0.00 120.0000 New Taxiway 8
111  34.85195489  136.80766731
112  34.85266706  136.80723656  34.85289059  136.80721122
113  34.85183013  136.80719855
110 1 0.00 120.0000 New Taxiway 7
111  34.85128243  136.80924129 102
112  34.85090414  136.80877142  34.85118405  136.80825022
113  34.85008071  136.80956254
110 1 0.00 120.0000 New Taxiway 6
111  34.85320734  136.80935741
111  34.85334572  136.80989701
112  34.85362222  136.80977129  34.85323916  136.80962527 102
113  34.85356367  136.80935519
110 1 0.00 120.0000 New Taxiway 5
111  34.85591991  136.80874708
111  34.85599572  136.80922586
112  34.85631639  136.80912162  34.85604203  136.80897322 102
113  34.85625882  136.80870417
110 1 0.00 120.0000 New Taxiway 4
111  34.85511824  136.80897773 102
112  34.85517417  136.80939561  34.85492205  136.80962049
111  34.85551523  136.80933953
113  34.85544505  136.80878524
110 1 0.00 120.0000 New Taxiway 3
111  34.86327028  136.80794991
111  34.86340347  136.80863630
112  34.86370791  136.80851572  34.86327790  136.80838122
113  34.86361658  136.80802411
110 1 0.00 120.0000 New Taxiway 2
111  34.86410885  136.80789744
112  34.86417583  136.80839740  34.86358142  136.80872391
111  34.86460280  136.80834128
113  34.86449397  136.80769848
110 1 0.00 120.0000 New Taxiway 1
111  34.86497298  136.80761672
111  34.86509113  136.80822723
112  34.86536908  136.80811063  34.86500756  136.80796664 102
113  34.86530379  136.80761795
110 1 0.00 120.0000 New Taxiway 40
111  34.86175792  136.80732665
111  34.86185444  136.80781447
112  34.86219510  136.80770376  34.86177496  136.80765532 102
113  34.86212981  136.80728807
110 1 0.00 120.0000 New Taxiway 38
111  34.86142162  136.80728482
112  34.86031075  136.80756110  34.86031453  136.80756110
111  34.86051856  136.80852350
113  34.86160298  136.80812289
112  34.86128176  136.80779322  34.86128120  136.80779527
112  34.86123647  136.80786962  34.86122136  136.80788804
112  34.86102488  136.80798935  34.86094175  136.80801698
112  34.86079407  136.80799575  34.86075251  136.80799115
112  34.86068357  136.80791005  34.86067223  136.80785019
112  34.86081706  136.80766241  34.86088507  136.80757492
111  34.86096064  136.80757952
112  34.86117224  136.80763478  34.86128559  136.80767162
113  34.86128861  136.80773254
110 1 0.00 120.0000 New Taxiway 37
111  34.85430003  136.80684178 102
112  34.85446457  136.80702504  34.85420385  136.80732432
113  34.85476417  136.80671454
110 1 0.00 120.0000 New Taxiway 36
111  34.85357697  136.80875053
111  34.85439018  136.80863593
113  34.85415230  136.80803595
110 1 0.00 120.0000 New Taxiway 35
111  34.85483772  136.80838778
112  34.85448735  136.80783524  34.85487551  136.80727015
111  34.85407172  136.80804289
113  34.85431217  136.80857031
110 1 0.00 120.0000 New Taxiway 34
111  34.85587462  136.80803634
112  34.85561254  136.80819667  34.85547867  136.80822974
113  34.85597666  136.80812612
110 1 0.00 120.0000 New Taxiway 31
111  34.86138908  136.80680179
112  34.86104760  136.80677912  34.86090204  136.80670709
111  34.85901529  136.80594692
112  34.85933474  136.80560785  34.86005265  136.80538180
111  34.85703569  136.80609763
112  34.85736544  136.80650785  34.85678837  136.80706459
112  34.85679524  136.80706877  34.85679867  136.80706877
111  34.85587462  136.80803634
111  34.85653132  136.80864920
111  34.85967625  136.80786638 102
112  34.85973777  136.80829465  34.85898964  136.80860869
111  34.86010769  136.80826933
113  34.86021159  136.80777801
111  34.85899664  136.80659782
112  34.85903080  136.80737188  34.85810680  136.80770258
111  34.85793488  136.80764433
114  34.85762230  136.80704155  34.85811350  136.80638435
110 1 0.00 120.0000 New Taxiway 30
111  34.86392467  136.80685694 102
112  34.86400223  136.80726511  34.86346637  136.80760024
111  34.86439178  136.80722000
113  34.86429659  136.80674953
110 1 0.00 120.0000 New Taxiway 29
111  34.86471115  136.80602497
112  34.86485542  136.80596964  34.86479572  136.80598904
113  34.86466239  136.80594736
110 1 0.00 120.0000 New Taxiway 28
111  34.86474484  136.80648905
111  34.86485946  136.80705538
112  34.86517423  136.80698170  34.86464761  136.80689572 102
113  34.86508808  136.80657194
110 1 0.00 120.0000 New Taxiway 26
111  34.86743377  136.80473698
111  34.86602287  136.80416610
112  34.86603707  136.80401733  34.86632095  136.80394121
111  34.86544659  136.80406576
111  34.86411801  136.80443251
111  34.86542103  136.80464702
111  34.86639050  136.80501377
112  34.86616907  136.80565224  34.86552750  136.80582177
111  34.86485542  136.80596964
111  34.86508808  136.80657194
111  34.86749481  136.80600115
113  34.86758874  136.80531063
110 1 0.00 120.0000 New Taxiway 25
111  34.86773240  136.80343743
112  34.86731383  136.80370576  34.86749268  136.80366424
111  34.86751665  136.80387338
112  34.86764156  136.80464068  34.86766257  136.80485242
111  34.86743211  136.80473647
111  34.86753936  136.80532228
112  34.86839818  136.80511448  34.86825567  136.80513385
111  34.86824489  136.80505912
112  34.86802723  136.80377918  34.86798750  136.80354998
113  34.86821131  136.80348778
110 1 0.00 120.0000 New Taxiway 24
111  34.86847267  136.80681953
111  34.86854705  136.80738028
112  34.86909909  136.80722844  34.86855244  136.80704543 102
113  34.86899821  136.80672517
110 1 0.00 120.0000 New Taxiway 22
111  34.86832296  136.80579388
111  34.86834283  136.80622983
112  34.86867562  136.80613815  34.86818503  136.80600175 102
113  34.86871188  136.80570046
110 1 0.00 120.0000 New Taxiway 21
111  34.87297328  136.80576722 102
112  34.87278893  136.80631968  34.87187523  136.80678860
111  34.87330953  136.80620237
113  34.87321327  136.80570736
110 1 0.00 120.0000 New Taxiway 19
111  34.87407961  136.80549234
111  34.87367027  136.80558772
111  34.87378103  136.80609693
113  34.87416027  136.80598687
112  34.87398089  136.80593972  34.87394718  136.80597494 102
111  34.87388939  136.80596193 102
112  34.87381233  136.80587388  34.87378344  136.80580784 102
111  34.87379909  136.80577116 102
112  34.87384484  136.80568604  34.87385688  136.80565963 102
112  34.87392791  136.80566550  34.87396162  136.80566696 102
112  34.87401700  136.80570805  34.87406877  136.80575061 102
113  34.87404108  136.80581371 102
110 1 0.00 120.0000 New Taxiway 18
111  34.87270604  136.80236295
112  34.87221497  136.80252124  34.87250758  136.80245034 102
113  34.87273549  136.80277142
110 1 0.00 120.0000 New Taxiway 17
111  34.87284296  136.80341660 102
112  34.87255508  136.80411159  34.87221783  136.80420294
113  34.87294289  136.80402939
110 1 0.00 120.0000 New Taxiway 16
111  34.87347670  136.80255382 102
112  34.87359942  136.80264000  34.87361570  136.80273812
113  34.87358796  136.80249869
110 1 0.00 120.0000 New Taxiway 15
111  34.87368818  136.80489975
111  34.87358778  136.80486404
111  34.87359894  136.80496266
113  34.87368822  136.80493545
110 1 0.00 120.0000 New Taxiway 13
111  34.87388376  136.80489943
111  34.87391706  136.80487292
113  34.87388988  136.80486464
110 1 0.00 120.0000 New Taxiway 12
111  34.87396531  136.80479340
111  34.87390007  136.80480914
111  34.87386881  136.80487955
113  34.87397347  136.80487541
110 1 0.00 120.0000 New Taxiway 10
111  34.87390916  136.80443719
111  34.87380475  136.80446656
111  34.87382143  136.80453057
111  34.87386653  136.80456295
113  34.87392213  136.80453810
110 1 0.00 120.0000 New Taxiway 9
111  34.87379782  136.80454350 102
112  34.87386467  136.80459759  34.87387641  136.80467064
113  34.87385355  136.80452003
110 1 0.00 120.0000 New Taxiway 8
111  34.87360118  136.80461533
111  34.87359081  136.80461769
111  34.87358998  136.80462955
113  34.87359898  136.80462407
110 1 0.00 120.0000 New Taxiway 7
111  34.87363275  136.80449190
111  34.87351753  136.80451611
111  34.87354932  136.80467914
113  34.87361156  136.80459843
110 1 0.00 120.0000 New Taxiway 6
111  34.87360909  136.80466120 102
112  34.87365504  136.80457625  34.87371293  136.80456192
113  34.87357965  136.80457180
110 1 0.00 120.0000 New Taxiway 5
111  34.87371433  136.80334808 102
112  34.87338561  136.80359239  34.87312645  136.80293994
111  34.87346607  136.80407515
113  34.87381860  136.80398062
110 1 0.00 120.0000 New Taxiway 4
111  34.87321870  136.80263414
112  34.87326109  136.80283255  34.87323328  136.80265983
113  34.87337364  136.80259217
110 1 0.00 120.0000 New Taxiway 3
111  34.87465497  136.80587831
112  34.87497600  136.80579309  34.87474159  136.80584959
113  34.87460778  136.80558291
110 1 0.00 120.0000 New Taxiway 2
111  34.86284501  136.80586503
112  34.86262279  136.80650693  34.86200576  136.80673567
113  34.86378121  136.80623649
110 1 0.25 168.8100 xxx
111  34.87406798  136.80391778
111  34.84342745  136.81130469
111  34.84347802  136.81161622
113  34.87411855  136.80422931
110 1 0.25 168.8100 xxx
111  34.87422004  136.80497474
111  34.84408539  136.81223973
111  34.84413596  136.81255126
113  34.87427061  136.80528627
110 1 0.25 168.8100 xxx
111  34.87542255  136.80568538
111  34.86344295  136.80857384
111  34.86373945  136.81040062
113  34.87571904  136.80751216
110 1 0.25 78.8100 xxx
111  34.87275669  136.80225880
111  34.87347531  136.80668657
111  34.87377131  136.80661520
113  34.87305269  136.80218743
110 1 0.25 78.8100 xxx
111  34.87361969  136.80207578
111  34.87433831  136.80650359
111  34.87463431  136.80643222
113  34.87391569  136.80200441
110 1 0.25 198.2900 xxx
111  34.86483948  136.80615896
111  34.86132089  136.80474176
111  34.86123052  136.80507504
113  34.86474911  136.80649224
110 1 0.25 78.8100 xxx
111  34.86434848  136.80657300
111  34.86465190  136.80844231
111  34.86505552  136.80834500
113  34.86475210  136.80647569
110 1 0.25 78.8100 xxx
111  34.86130631  136.80727913
111  34.86143406  136.80806618
111  34.86183769  136.80796887
113  34.86170994  136.80718182
110 1 0.25 78.8100 xxx
111  34.86010864  136.80759933
111  34.86023373  136.80836997
111  34.86063736  136.80827267
113  34.86051227  136.80750203
110 1 0.25 78.8100 xxx
111  34.85538531  136.80871916
111  34.85551306  136.80950615
111  34.85591669  136.80940884
113  34.85578894  136.80862185
110 1 0.25 319.6700 xxx
111  34.85282379  136.80933346
111  34.85565086  136.80640861
111  34.85548221  136.80616654
113  34.85265514  136.80909139
110 1 0.25 78.8100 xxx
111  34.85274004  136.80935953
111  34.85286833  136.81014977
111  34.85327196  136.81005247
113  34.85314367  136.80926223
110 1 0.25 78.8100 xxx
111  34.84299360  136.80956838 102
111  34.84341767  136.81209522
111  34.84367220  136.81203596
113  34.84324923  136.80950677
110 1 0.25 78.8100 xxx
111  34.84387001  136.80921380
111  34.84437145  136.81230231
111  34.84465399  136.81223420
113  34.84415255  136.80914569
110 1 0.25 78.8100 xxx
111  34.84902215  136.80799880
111  34.84951986  136.81106455
111  34.84981585  136.81099320
113  34.84931814  136.80792745
110 1 0.25 139.2000 xxx
111  34.85197826  136.80702038
111  34.84946148  136.80966723
111  34.84963174  136.80990762
113  34.85214852  136.80726077
110 1 0.25 168.8100 xxx
111  34.87431355  136.80113292
111  34.84237605  136.80883248
111  34.84251445  136.80968508
113  34.87445195  136.80198552
110 1 0.25 78.8100 xxx
111  34.87022224  136.80292633
111  34.87030741  136.80345109
111  34.87049576  136.80340567
113  34.87041059  136.80288092
110 1 0.25 78.8100 xxx
111  34.84630924  136.80740940
111  34.84639441  136.80793400
111  34.84658276  136.80788860
113  34.84649759  136.80736400
110 1 0.25 168.8100 xxx
111  34.87281434  136.80514306
111  34.84405878  136.81207577
111  34.84416258  136.81271523 102
113  34.87297328  136.80576722
110 1 0.00 120.0000 New Taxiway 36
112  34.84500462  136.81118383  34.84499685  136.81118856
111  34.84458094  136.81126908
111  34.84463147  136.81153430
113  34.84501658  136.81141514
110 1 0.00 120.0000 New Taxiway 35
111  34.84418836  136.81138274
111  34.84355089  136.81154850
111  34.84360920  136.81187529
113  34.84421557  136.81160060
110 1 0.00 120.0000 New Taxiway 34
111  34.84410673  136.81102754
111  34.84346149  136.81116488
111  34.84354312  136.81142063
113  34.84414949  136.81119803
110 1 0.00 120.0000 New Taxiway 33
111  34.84470921  136.81082389
111  34.84448377  136.81084757
111  34.84454207  136.81112699
113  34.84485303  136.81100386
110 1 0.25 168.8100 xxx
111  34.87255508  136.80411159 102
111  34.84470374  136.81082661
111  34.84501658  136.81141514
113  34.87275214  136.80472796
110 1 0.25 78.8100 xxx
111  34.87351206  136.80210173
111  34.87423068  136.80652955
111  34.87474194  136.80640627
113  34.87402332  136.80197845
110 1 0.25 78.8100 xxx
111  34.86783868  136.80568748
111  34.86815337  136.80780939
111  34.86866463  136.80768612
113  34.86834994  136.80556421
110 1 0.25 78.8100 xxx
111  34.87265392  136.80227165
111  34.87337627  136.80672238
111  34.87387408  136.80660235
113  34.87315173  136.80215162
110 1 0.25 78.8100 xxx
111  34.84892124  136.80802312
111  34.84941895  136.81108888
111  34.84991676  136.81096888
113  34.84941905  136.80790313
110 1 0.25 78.8100 xxx
111  34.84376238  136.80923974
111  34.84426382  136.81232825
111  34.84476162  136.81220826
113  34.84426018  136.80911975
110 1 0.25 168.8100 xxx
111  34.86335501  136.80798451
111  34.85037981  136.81111254
111  34.85080299  136.81371949
113  34.86377819  136.81059146
110 1 0.25 78.8100 xxx
111  34.86428232  136.80672527
111  34.86454315  136.80833222
111  34.86512168  136.80819273
113  34.86486085  136.80658578
110 1 0.25 139.2400 xxx
111  34.85207731  136.80670982
111  34.84948022  136.80943767
111  34.84981869  136.80991618
113  34.85241578  136.80718833
110 1 0.00 120.0000 New Taxiway 1
111  34.85567731  136.80646610
111  34.85500874  136.80659399
111  34.85474443  136.80669347
111  34.85446457  136.80702504
111  34.85479821  136.80750016
113  34.85551736  136.80674516
110 1 0.00 120.0000 New Taxiway 3
111  34.85266016  136.80888370
111  34.85263392  136.80891850
113  34.85267462  136.80890819
110 1 0.25 319.6700 xxx
111  34.85290127  136.80944919
111  34.85479821  136.80750016
111  34.85446457  136.80702504 102
113  34.85266016  136.80888370
110 1 0.25 198.2900 xxx
111  34.86485132  136.80602430
111  34.86108791  136.80450849
111  34.86092868  136.80509570
113  34.86469209  136.80661151
110 1 0.25 78.8100 xxx
111  34.85530296  136.80890086
111  34.85538015  136.80937634
111  34.85599904  136.80922714
113  34.85592185  136.80875166
110 1 0.25 78.8100 xxx
111  34.86002903  136.80775484
111  34.86011154  136.80826313
111  34.86071697  136.80811717
113  34.86063446  136.80760887
110 1 0.25 78.8100 xxx
111  34.86123749  136.80741499
111  34.86132798  136.80797248
111  34.86190651  136.80783301
113  34.86181602  136.80727551
110 1 0.25 78.8100 xxx
111  34.85263911  136.80955593
111  34.85271364  136.81001499
111  34.85337289  136.80985607
113  34.85329837  136.80939701
110 1 0.25 168.8100 xxx
111  34.86431243  136.81019573
111  34.85268803  136.81299817
111  34.85306757  136.81533627
113  34.86469197  136.81253383
110 1 0.25 78.8100 xxx
111  34.84992262  136.81386186
111  34.85024201  136.81582923
111  34.85306738  136.81514814
113  34.85274799  136.81318077
110 1 0.25 168.8100 xxx
111  34.85080773  136.81357854
111  34.84870888  136.81408448
111  34.84888827  136.81518947
113  34.85098712  136.81468352
110 1 0.25 168.8100 xxx
111  34.87709317  136.80529234
111  34.87542486  136.80569463
111  34.87558083  136.80665566
113  34.87724914  136.80625337
110 1 0.25 168.8100 xxx
111  34.87648585  136.80641654
111  34.87557096  136.80663715
111  34.87571415  136.80751946
113  34.87662904  136.80729885
110 1 0.25 163.1200 xxx
111  34.87350035  136.80208448
111  34.87311451  136.80222721
111  34.87321965  136.80264952
113  34.87360549  136.80250679
110 1 0.00 120.0000 New Taxiway 14
111  34.87363936  136.80490995
112  34.87369550  136.80488912  34.87365435  136.80489932 102
113  34.87363971  136.80484279
110 1 0.00 120.0000 New Taxiway 11
111  34.87389515  136.80478291 102
112  34.87385794  136.80484890  34.87381444  136.80485884
113  34.87391027  136.80484807
110 1 0.25 168.8100 xxx
111  34.87381931  136.80447025
111  34.87360404  136.80452216
111  34.87361469  136.80458775
113  34.87382996  136.80453585
110 1 0.25 78.8100 xxx
111  34.87385780  136.80455529
111  34.87390038  136.80481768
111  34.87395420  136.80480471
113  34.87391162  136.80454232
110 1 0.25 168.8100 xxx
111  34.87388631  136.80484225
111  34.87367104  136.80489416
111  34.87368169  136.80495975
113  34.87389696  136.80490785
110 1 0.25 78.8100 xxx
111  34.87354980  136.80463530
111  34.87359238  136.80489768
111  34.87364620  136.80488471
113  34.87360362  136.80462232
110 1 0.25 169.1200 xxx
111  34.84987244  136.81032162
111  34.84920978  136.81047676
111  34.84924756  136.81071638
113  34.84991022  136.81056124
110 1 0.00 120.0000 New Taxiway 27
111  34.86767676  136.80704128 102
112  34.86774489  136.80753605  34.86727081  136.80788551
111  34.86817639  136.80748415
113  34.86806851  136.80686137
110 1 0.00 120.0000 New Taxiway 23
111  34.86749260  136.80599802 102
112  34.86756357  136.80641667  34.86699580  136.80665887
111  34.86796668  136.80634401
113  34.86789571  136.80589076
110 1 0.25 168.8100 xxx
111  34.87356378  136.80799182
111  34.86430731  136.81022367
111  34.86438822  136.81072218
113  34.87364469  136.80849033
120 Linear Feature 28
111  34.85703569  136.80609763 102
112  34.85736544  136.80650785  34.85679749  136.80704581 102
111  34.85587462  136.80803634 102
112  34.85561254  136.80819667  34.85544566  136.80823931 102
111  34.85483772  136.80838778 102
112  34.85448735  136.80783524  34.85490552  136.80723509 102
111  34.85551434  136.80672591 102
116  34.85612652  136.80640304  34.85617281  136.80639975
120 Linear Feature 27
111  34.86055767  136.80532867 102
112  34.86208366  136.80555193  34.86237562  136.80569889 102
111  34.86285798  136.80587680 102
112  34.86262279  136.80650693  34.86200714  136.80667710 102
111  34.86138908  136.80680179 102
112  34.86104760  136.80677912  34.86090162  136.80672498 102
111  34.85901529  136.80594692 102
116  34.85933474  136.80560785  34.86007098  136.80535260
120 Linear Feature 24
111  34.86411801  136.80443251 102
111  34.86542103  136.80464702 102
111  34.86639050  136.80501377 102
112  34.86616907  136.80565224  34.86548557  136.80580199 102
111  34.86485542  136.80596964 102
112  34.86466239  136.80594736  34.86457937  136.80591321 102
111  34.86286183  136.80523277 102
115  34.86217394  136.80494450
120 Linear Feature 23
111  34.86731383  136.80370576 102
112  34.86751665  136.80387338  34.86755972  136.80410631 102
111  34.86759646  136.80432271 102
111  34.86764156  136.80464068 102
112  34.86743211  136.80473647  34.86716294  136.80462821 102
111  34.86602287  136.80416610 102
116  34.86603707  136.80401733  34.86631701  136.80393531
120 Linear Feature 22
111  34.86821131  136.80348778 102
112  34.86802723  136.80377918  34.86806065  136.80402974 102
111  34.86824489  136.80505912 102
116  34.86839818  136.80511448  34.86853189  136.80509003
120 Linear Feature 21
111  34.87275154  136.80472965 102
115  34.86871188  136.80570046
120 Linear Feature 20
112  34.87281434  136.80514306  34.87281267  136.80514306 102
115  34.86867562  136.80613815
120 Linear Feature 19
111  34.87278893  136.80631968 102
115  34.86909909  136.80722844
120 Linear Feature 18
111  34.86774489  136.80753605 102
115  34.86536908  136.80811063
120 Linear Feature 17
111  34.86508808  136.80657194 102
115  34.86749260  136.80599802
120 Linear Feature 16
111  34.86756357  136.80641667 102
115  34.86517423  136.80698170
120 Linear Feature 15
111  34.86417583  136.80839740 102
111  34.86370427  136.80851230 102
116  34.86361658  136.80802411  34.86394394  136.80761673
120 Linear Feature 14
111  34.86410885  136.80789744 102
116  34.86417583  136.80839740  34.86359984  136.80871388
120 Linear Feature 13
111  34.86400223  136.80726511 102
115  34.86219510  136.80770376
120 Linear Feature 12
111  34.86392467  136.80685694 102
115  34.86212981  136.80728807
120 Linear Feature 11
111  34.86128937  136.80773148 102
111  34.86128120  136.80779527 102
115  34.86123647  136.80786962
120 Linear Feature 10
111  34.86128861  136.80773254 102
112  34.86117224  136.80763478  34.86104918  136.80758122 102
111  34.86096064  136.80757952 102
112  34.86081706  136.80766241  34.86075051  136.80774811 102
112  34.86068357  136.80791005  34.86069989  136.80796208 102
112  34.86079407  136.80799575  34.86081793  136.80799728 102
116  34.86123733  136.80786873  34.86144955  136.80768510
120 Linear Feature 9
111  34.85762230  136.80704155 102
116  34.85792817  136.80763708  34.85875114  136.80761169
120 Linear Feature 8
111  34.85899664  136.80659782 102
116  34.85762230  136.80704155  34.85720487  136.80761335
120 Linear Feature 7
111  34.85903080  136.80737188 102
116  34.85898556  136.80658282  34.85804020  136.80605218
120 Linear Feature 6
111  34.85973777  136.80829465 102
115  34.85631639  136.80912162
120 Linear Feature 5
111  34.85967625  136.80786638 102
115  34.85625882  136.80870417
120 Linear Feature 4
111  34.85517417  136.80939561 102
115  34.85362222  136.80977129
120 Linear Feature 3
111  34.85511824  136.80897773 102
115  34.85356367  136.80935519
120 Linear Feature 2
111  34.85247078  136.81004817 102
115  34.85013028  136.81061230
120 Linear Feature 1
111  34.85241500  136.80963176 102
115  34.85007505  136.81019573
120 Linear Feature 29
111  34.87284379  136.80341713 102
116  34.87273616  136.80277028  34.87273549  136.80277142
120 Linear Feature 24
111  34.87379782  136.80454350 102
115  34.87365504  136.80457625
120 Linear Feature 23
111  34.87360909  136.80466120 102
115  34.87363971  136.80484279
120 Linear Feature 22
111  34.87385794  136.80484890 102
115  34.87369550  136.80488912
120 Linear Feature 21
111  34.87386467  136.80459759 102
115  34.87389515  136.80478291
120 Linear Feature 20
111  34.87347670  136.80255382 102
115  34.87337364  136.80259217
120 Linear Feature 19
111  34.87338561  136.80359239 102
111  34.87326109  136.80283255 102
116  34.87337364  136.80259217  34.87351642  136.80252058
120 Linear Feature 18
111  34.87359942  136.80264002 102
115  34.87371433  136.80334808
120 Linear Feature 17
111  34.85058800  136.81363170 102
111  34.84870888  136.81408448 102
111  34.84888827  136.81518947 102
111  34.84988364  136.81494961 102
112  34.85012722  136.81512031  34.85016084  136.81531360 102
111  34.85024201  136.81582923 102
111  34.85304003  136.81515238 102
111  34.85306757  136.81533627 102
111  34.86469197  136.81253383 102
111  34.86438822  136.81072218 102
111  34.87364469  136.80849033 102
111  34.87356942  136.80802939 102
111  34.87662904  136.80729885 102
111  34.87648585  136.80641654 102
111  34.87724914  136.80625337 102
111  34.87709317  136.80529234 102
111  34.87497600  136.80579309 102
112  34.87460778  136.80558291  34.87455954  136.80530019 102
115  34.87404045  136.80208462
120 Linear Feature 16
111  34.85042706  136.81140234 102
115  34.85073992  136.81332160
120 Linear Feature 13
111  34.84413443  136.81255543 102
115  34.84416258  136.81271523
120 Linear Feature 12
111  34.84342273  136.81049556 102
115  34.84332986  136.80992804
120 Linear Feature 8
111  34.84896055  136.80826498 102
115  34.84913322  136.80932832
120 Linear Feature 6
111  34.85080681  136.80804634 102
115  34.84979198  136.80911090
120 Linear Feature 91
111  34.87435613  136.80572301 1 101
116  34.87530776  136.80605319  34.87621753  136.80587411
120 Linear Feature 90
111  34.87412675  136.80631492 1 101
115  34.87564681  136.80597743
120 Linear Feature 89
111  34.86479585  136.80807818 1 101
116  34.86464752  136.80847639  34.86448875  136.80851828
120 Linear Feature 88
111  34.86527349  136.80832263 1 101
111  34.86354739  136.80874658 1 101
112  34.86333569  136.80842102  34.86327405  136.80805164 1 101
111  34.86327468  136.80805370 1 101
116  34.86299818  136.80786838  34.86276391  136.80792808
120 Linear Feature 87
111  34.86488192  136.80737131 1 101
116  34.86479585  136.80807818  34.86488197  136.80872350
120 Linear Feature 86
111  34.86790357  136.80770779 1 101
111  34.86527349  136.80832263 1 101
112  34.86479585  136.80807818  34.86473206  136.80770498 1 101
116  34.86423629  136.80753588  34.86405448  136.80758642
120 Linear Feature 85
111  34.86870470  136.80746783 1 101
115  34.86790792  136.80769994
120 Linear Feature 84
111  34.86830987  136.80701248 1 101
116  34.86790792  136.80769994  34.86741873  136.80783271
120 Linear Feature 83
111  34.86781797  136.80662140 1 101
116  34.86830987  136.80701248  34.86834354  136.80740354
120 Linear Feature 81
111  34.87412842  136.80631285 1 101
115  34.87322540  136.80649013
120 Linear Feature 80
111  34.87351247  136.80592815 1 101
116  34.87322540  136.80649013  34.87284272  136.80658975
120 Linear Feature 79
111  34.87294682  136.80548417 1 101
116  34.87351247  136.80592815  34.87356757  136.80631341
120 Linear Feature 78
111  34.87412842  136.80631285 1 101
112  34.87351247  136.80592815  34.87341968  136.80537678 1 101
116  34.87370408  136.80531860  34.87376497  136.80531153
120 Linear Feature 75
111  34.87417470  136.80464570 1 101
116  34.87400191  136.80522061  34.87370408  136.80531860
120 Linear Feature 74
111  34.87397856  136.80332291 1 101
115  34.87417470  136.80464570
120 Linear Feature 73
111  34.87379642  136.80409705 1 101
116  34.87326813  136.80465344  34.87331951  136.80494374
120 Linear Feature 72
111  34.87308011  136.80323253 1 101
116  34.87379642  136.80409705  34.87437084  136.80392059
120 Linear Feature 71
111  34.87270830  136.80439304 1 101
111  34.87379642  136.80409705 1 101
112  34.87397856  136.80332291  34.87387581  136.80265124 1 101
115  34.87381977  136.80237194
120 Linear Feature 70
111  34.87308011  136.80323253 1 101
115  34.87326813  136.80465344
120 Linear Feature 77
111  34.87417470  136.80464570 1 101
111  34.87435613  136.80572301 1 101
116  34.87412842  136.80631285  34.87382351  136.80640223
120 Linear Feature 76
111  34.87379642  136.80409705 1 101
116  34.87417470  136.80464570  34.87425112  136.80517352
120 Linear Feature 69
111  34.87326813  136.80465344 1 101
116  34.87370408  136.80531860  34.87397632  136.80526548
120 Linear Feature 68
111  34.87271157  136.80439676 1 101
112  34.87326813  136.80465344  34.87335087  136.80514846 1 101
116  34.87294682  136.80548417  34.87277383  136.80553001
120 Linear Feature 67
111  34.86857431  136.80538147 1 101
111  34.87271157  136.80439676 1 101
112  34.87308011  136.80323253  34.87290712  136.80223331 1 101
115  34.87297481  136.80265500
120 Linear Feature 66
111  34.86798529  136.80591722 1 101
116  34.86840697  136.80650500  34.86874661  136.80642032
120 Linear Feature 65
111  34.86856916  136.80537765 1 101
116  34.86798529  136.80591722  34.86786437  136.80629591
120 Linear Feature 64
111  34.86796063  136.80493989 1 101
116  34.86856916  136.80537765  34.86895511  136.80528827
120 Linear Feature 63
111  34.86711867  136.80572293 1 101
115  34.86856916  136.80537765
120 Linear Feature 62
111  34.86796063  136.80493989 1 101
116  34.86798529  136.80591722  34.86792585  136.80610867
120 Linear Feature 61
111  34.86711867  136.80572293 1 101
112  34.86798529  136.80591722  34.86804694  136.80633044 1 101
116  34.86781797  136.80662140  34.86758972  136.80676250
120 Linear Feature 60
111  34.86796063  136.80493989 1 101
116  34.86670051  136.80478838  34.86538388  136.80413412
120 Linear Feature 59
111  34.86776286  136.80376222 1 101
111  34.86796063  136.80493989 1 101
116  34.86711867  136.80572293  34.86618064  136.80594331
120 Linear Feature 58
111  34.86531064  136.80617188 1 101
111  34.86711867  136.80572293 1 101
112  34.86670051  136.80478838  34.86548559  136.80432006 1 101
115  34.86548559  136.80432007
120 Linear Feature 57
111  34.86362016  136.80582276 1 101
116  34.86531145  136.80615750  34.86609740  136.80597362
120 Linear Feature 56
111  34.86531145  136.80615750 1 101
116  34.86438676  136.80679433  34.86444991  136.80716208
120 Linear Feature 55
111  34.86397815  136.80648249 1 101
115  34.86531145  136.80615750
120 Linear Feature 54
111  34.86362016  136.80582276 1 101
116  34.86438676  136.80679433  34.86445457  136.80755187
120 Linear Feature 53
111  34.86438676  136.80679433 1 101
116  34.86488192  136.80737131  34.86526052  136.80726801
120 Linear Feature 52
111  34.86397365  136.80648272 1 101
112  34.86438676  136.80679433  34.86443196  136.80708357 1 101
116  34.86423629  136.80753588  34.86401026  136.80759786
120 Linear Feature 51
111  34.86217260  136.80686779 1 101
116  34.86172412  136.80740187  34.86176987  136.80767800
120 Linear Feature 50
111  34.86134320  136.80704595 1 101
111  34.86397365  136.80648272 1 101
112  34.86362016  136.80582276  34.86280035  136.80548362 1 101
115  34.86198054  136.80518286
120 Linear Feature 49
111  34.86172412  136.80740187 1 101
116  34.86212749  136.80810222  34.86243328  136.80802191
120 Linear Feature 48
111  34.86134391  136.80704947 1 101
112  34.86172412  136.80740187  34.86180847  136.80783236 1 101
116  34.86143419  136.80827050  34.86126285  136.80829942
120 Linear Feature 47
111  34.86134391  136.80704947 1 101
116  34.86031266  136.80796697  34.86024485  136.80854543
120 Linear Feature 46
111  34.85964255  136.80654027 1 101
116  34.86134391  136.80704947  34.86194854  136.80687731
120 Linear Feature 45
111  34.85970580  136.80749309 1 101
115  34.86134391  136.80704947
120 Linear Feature 44
111  34.86031266  136.80796697 1 101
116  34.86073749  136.80838130  34.86093525  136.80834243
120 Linear Feature 43
111  34.85970710  136.80749214 1 101
116  34.86011865  136.80854273  34.85949085  136.80939870
120 Linear Feature 41
111  34.85514173  136.80861871 1 101
115  34.85590307  136.80847121
120 Linear Feature 40
111  34.85600993  136.80941642 1 101
112  34.85547432  136.80911679  34.85542877  136.80877889 1 101
112  34.85590307  136.80847121  34.85641253  136.80834187 1 101
115  34.85753149  136.80665643
120 Linear Feature 39
111  34.85335815  136.80867876 1 101
116  34.85288739  136.80958223  34.85286809  136.81001963
120 Linear Feature 38
111  34.85335815  136.80867876 1 101
116  34.85334142  136.80903315  34.85364643  136.80898536
120 Linear Feature 37
111  34.85288739  136.80958223 1 101
116  34.85334142  136.80903315  34.85371334  136.80893481
120 Linear Feature 36
111  34.85260911  136.80921564 1 101
111  34.85431412  136.80879473 1 101
111  34.85514173  136.80861871 1 101
112  34.85543387  136.80882322  34.85545874  136.80906561 1 101
116  34.85535392  136.80956944  34.85513015  136.80962246
120 Linear Feature 35
111  34.85260831  136.80921287 1 101
112  34.85366945  136.80834249  34.85436295  136.80753497 1 101
111  34.85459412  136.80730962 1 101
115  34.85471656  136.80716281
120 Linear Feature 34
111  34.85339499  136.81012532 1 101
116  34.85288739  136.80958223  34.85283336  136.80902256
120 Linear Feature 33
111  34.85072881  136.80965566 1 101
111  34.85260911  136.80921564 1 101
112  34.85288739  136.80958223  34.85293252  136.80992133 1 101
116  34.85262341  136.81030543  34.85231851  136.81037598
120 Linear Feature 32
111  34.84950608  136.81034499 1 101
116  34.84991676  136.81096888  34.85024100  136.81089821
120 Linear Feature 31
111  34.84950608  136.81034499 1 101
116  34.84930153  136.81111192  34.84898255  136.81118901
120 Linear Feature 30
111  34.84429473  136.81170946 1 101
116  34.84466247  136.81203109  34.84500211  136.81195349
120 Linear Feature 26
111  34.87327567  136.80291447 4 103
115  34.87277601  136.80302357
120 Linear Feature 25
111  34.87414080  136.80270257 4 103
115  34.87362773  136.80281505
120 Linear Feature 24
111  34.86810503  136.80419874 4 103
115  34.86759646  136.80432271
120 Linear Feature 23
111  34.86629446  136.80426562 4 103
115  34.86611980  136.80492301
120 Linear Feature 22
111  34.86287026  136.80522442 4 103
115  34.86272527  136.80582520
120 Linear Feature 21
111  34.85770261  136.80696546 4 103
115  34.85731903  136.80653468
120 Linear Feature 20
111  34.85924445  136.80603058 4 103
115  34.85907899  136.80665383
120 Linear Feature 19
111  34.85446457  136.80702504 4 103
115  34.85479821  136.80750016
120 Linear Feature 18
111  34.84897591  136.80836377 4 103
115  34.84947525  136.80825907
120 Linear Feature 17
111  34.85093502  136.80788760 4 103
115  34.85133834  136.80831699
120 Linear Feature 16
111  34.85057799  136.80870738 1 101
115  34.85155911  136.80762894
120 Linear Feature 15
111  34.84940896  136.80950080 1 101
115  34.84950608  136.81034499
120 Linear Feature 14
111  34.84968098  136.80968700 1 101
116  34.84950608  136.81034499  34.84959475  136.81073921
120 Linear Feature 13
111  34.84940896  136.80950080 1 101
116  34.84979108  136.80989647  34.85010004  136.80981683
120 Linear Feature 12
111  34.84979108  136.80989647 1 101
116  34.84950608  136.81034499  34.84955702  136.81067607
120 Linear Feature 11
111  34.84914946  136.81007081 1 101
116  34.84950608  136.81034499  34.84955702  136.81068125
120 Linear Feature 10
111  34.85072955  136.80965519 1 101
115  34.84914733  136.81006206
120 Linear Feature 6
111  34.84429473  136.81170946 1 101
116  34.84379436  136.81126652  34.84346485  136.81127937
120 Linear Feature 5
111  34.84469209  136.81113429 1 101
116  34.84429473  136.81170946  34.84427775  136.81209226
120 Linear Feature 4
111  34.84422048  136.81049048 1 101
116  34.84469209  136.81113429  34.84502324  136.81104118
120 Linear Feature 2
111  34.84422048  136.81049048 1 101
116  34.84422859  136.81124598  34.84419887  136.81173740
120 Linear Feature 1
111  34.84422859  136.81124598 1 101
116  34.84400787  136.81222476  34.84352498  136.81235621
120 Linear Feature 8
111  34.84922347  136.80828332 1 101
111  34.84940896  136.80950080 1 101
112  34.84914733  136.81006206  34.84876370  136.81014939 1 101
111  34.84875830  136.81015765 1 101
111  34.84422859  136.81124598 1 101
116  34.84379436  136.81126652  34.84376064  136.81125111
120 Linear Feature 4
111  34.84379436  136.81126652 1 101
116  34.84352009  136.81191911  34.84363158  136.81246249
120 Linear Feature 3
111  34.84333195  136.81074623 1 101
111  34.84352009  136.81191911 1 101
116  34.84400787  136.81222476  34.84443990  136.81210165
120 Linear Feature 2
111  34.84358280  136.80898399 1 101
112  34.84318910  136.80992217  34.84333195  136.81074998 1 101
111  34.84333195  136.81074623 1 101
116  34.84379436  136.81126652  34.84418807  136.81115615
120 Linear Feature 29
111  34.84400787  136.81222476 1 101
111  34.84466247  136.81203109 1 101
112  34.84505244  136.81206120  34.84514816  136.81216950 1 101
111  34.84548913  136.81206320 1 101
111  34.84620121  136.81187992 1 101
111  34.84930153  136.81111192 1 101
111  34.84991676  136.81096888 1 101
111  34.85262341  136.81030543 1 101
111  34.85339499  136.81012532 1 101
111  34.85535392  136.80956944 1 101
111  34.85600993  136.80941642 1 101
111  34.86011865  136.80854273 1 101
111  34.86073749  136.80838130 1 101
111  34.86143419  136.80827050 1 101
111  34.86212749  136.80810222 1 101
111  34.86423629  136.80753588 1 101
111  34.86488192  136.80737131 1 101
111  34.86781797  136.80662140 1 101
111  34.86840697  136.80650500 1 101
111  34.87294682  136.80548417 1 101
111  34.87370408  136.80531860 1 101
115  34.87400191  136.80522061
120 Linear Feature 5
111  34.84437101  136.80983052 4 103
115  34.84388175  136.80997471
120 Linear Feature 7
111  34.84422048  136.81049048 1 101
116  34.84379436  136.81126652  34.84325875  136.81140326
120 Linear Feature 6
111  34.84422048  136.81049048 1 101
111  34.84404194  136.80937172 1 101
116  34.84428680  136.80883098  34.84460817  136.80875018
120 Linear Feature 1
111  34.84332090  136.80986085 4 103
115  34.84306720  136.80993035
120 Linear Feature 82
111  34.87322447  136.80649111 1 101
111  34.87322447  136.80649112 1 101
111  34.87153264  136.80692454 1 101
111  34.86870470  136.80746783 1 101
112  34.86830987  136.80701248  34.86824618  136.80649504 1 101
116  34.86840697  136.80650500  34.86843712  136.80649501
120 Linear Feature 7
111  34.84947525  136.80825907 102
115  34.84961402  136.80910215
120 Linear Feature 9
111  34.85057544  136.80871625 1 101
116  34.84914733  136.81006206  34.84812506  136.81031245
120 Linear Feature 8
111  34.85057544  136.80871625 1 101
116  34.84940896  136.80950080  34.84929081  136.80873087
120 Linear Feature 7
111  34.85057544  136.80871625 1 101
116  34.85072955  136.80965519  34.85125867  136.80953626
120 Linear Feature 42
111  34.85590364  136.80849586 1 101
111  34.85970710  136.80749214 1 101
112  34.85964255  136.80654027  34.85884979  136.80617961 1 101
111  34.85837623  136.80608914 1 101
116  34.85753889  136.80663602  34.85698169  136.80740358
120 Linear Feature 15
111  34.84501658  136.81141514 102
115  34.84898494  136.81045944
120 Linear Feature 14
111  34.84507024  136.81183208 102
115  34.84906516  136.81086899
120 Linear Feature 4
111  34.85258784  136.80892592
115  34.85128243  136.80924129
120 Linear Feature 10
111  34.84450761  136.81064540 102
115  34.84431834  136.80947908
120 Linear Feature 11
111  34.84388175  136.80997471 102
115  34.84394380  136.81035598
120 Linear Feature 5
111  34.85090087  136.80877753 102
111  34.85195489  136.80766731 102
116  34.85266706  136.80723656  34.85289635  136.80723473
20  34.87400601  136.80608479 352.5700 0 2 {@Y}{^l}C10|{^u}N
20  34.87410636  136.80581193 81.8200 0 2 {@Y}{^l}N|{^r}C
20  34.87379252  136.80458822 348.6900 0 2 {@Y}{^l}A10|B10{^r}
20  34.87259299  136.80483868 348.6900 0 2 {@Y}{^l}A9|{^r}B9
20  34.85217346  136.80984690 346.6100 0 2 {@Y}{^lu}A4|APRON{^r}
20  34.85480855  136.80912322 346.6100 0 2 {@Y}{^lu}A5|APRON{^r}
20  34.86733590  136.80617278 349.4400 0 2 {@Y}{^l}A8N|{^ld}A8|{^r}B8
20  34.86372674  136.80697177 347.6000 0 2 {@Y}{^ld}A7|{^r}B7
20  34.85932179  136.80803437 352.2400 0 2 {@Y}{^ld}A6|{^r}B6
20  34.85597216  136.80767978 140.7100 0 2 {@Y}{^ld}A{^ru}|{^lu}B
20  34.85289072  136.80850413 140.7100 0 2 {@Y}{^ld}A{^ru}|{^lu}B
20  34.84972990  136.81037159 260.9400 0 2 {@Y}{^l}A{^r}|{^ru}A3
20  34.85809683  136.80772068 170.2200 0 2 {@Y}{^rd}A5
20  34.85468823  136.80849699 170.2200 0 2 {@Y}{^rd}A4
20  34.85028551  136.81045882 170.2200 0 2 {@Y}{^r}A3S
20  34.84983726  136.80889738 138.3700 0 2 {@Y}{^rd}A3S|{^ld}A{^ru}|{^lu}B
20  34.84889191  136.81052701 352.1300 0 2 {@Y}{^l}A3S|{^lu}A3|{^r}B
20  34.84390043  136.81200320 38.6600 0 2 {@L}B1
20  34.84330605  136.81178218 257.9100 0 2 {@L}A1
20  34.84547905  136.81167530 168.1100 0 2 {@Y}{^r}B2
20  34.84544344  136.81137212 350.5400 0 2 {@L}A
20  34.84530891  136.81060563 169.1900 0 2 {@Y}{^r}A2
20  34.84558439  136.81244385 349.7000 0 2 {@L}B
20  34.87420439  136.80268370 258.3100 0 2 {@L}A10{@R}18-36
20  34.84382732  136.80998316 256.6100 0 2 {@L}A2{@R}18-36
20  34.84315885  136.81070101 80.8100 0 2 {@Y}{^u}B1|{^l}A
20  34.84332801  136.80988832 258.6900 0 2 {@L}A1{@R}18-36
20  34.84443644  136.80981512 250.3500 0 2 {@L}A2{@R}18-36
20  34.84950787  136.80830207 260.1800 0 2 {@L}A3S{@R}18-36
20  34.85141575  136.80831915 317.4900 0 2 {@L}A3{@R}18-36
20  34.85481864  136.80756090 319.7600 0 2 {@L}A4{@R}18-36
20  34.85773364  136.80701591 316.3600 0 2 {@L}A5{@R}18-36
20  34.85925708  136.80592882 198.4300 0 2 {@L}A6{@R}18-36
20  34.86289339  136.80513975 199.9800 0 2 {@L}A7{@R}18-36
20  34.86632601  136.80421246 195.2500 0 2 {@L}A8{@R}18-36
20  34.86816508  136.80416237 259.6900 0 2 {@L}A8N{@R}18-36
20  34.87331722  136.80289033 259.3800 0 2 {@L}A9{@R}18-36
14  34.86265000  136.81419000  98.43 0 Tower
19  34.87047500  136.80397500 1 Windsock
19  34.84673900  136.80963000 1 Windsock
50 12107 ATIS
52 12185 CLD
52 12620 CLD
53 12180 GND
53 12620 GND
54 11885 TWR
54 12620 TWR
55 11917 APP
55 12105 APP
55 12550 RDR
55 11925 TCA
55 12117 TCA
56 12000 DEP
99
