I
1000 Generated by WorldEditor

1      2 1 0 RJBK KOHNAN
100 30.48 1 0 0.25 0 1 0 09  34.59042337  133.92609665   60    0 2 0 0 1 27  34.59125600  133.94046202   57    0 2 0 0 1
110 2 0.00 120.0000 New Taxiway 75
111  34.59202619  133.93336286
111  34.59196187  133.93336647
111  34.59196880  133.93350109
113  34.59203114  133.93349268
110 1 0.00 120.0000 New Taxiway 5
111  34.59128027  133.93851731 102
111  34.59192119  133.93624156 102
112  34.59197979  133.93565003  34.59196112  133.93525608 102
111  34.59189290  133.93410387 102
112  34.59200563  133.93396279  34.59214227  133.93395034 102
111  34.59274112  133.93391714 102
111  34.59294267  133.93317022 102
111  34.59291192  133.93279676
111  34.59313866  133.93276898
112  34.59316728  133.93278587  34.59316320  133.93280176
111  34.59163984  133.93805157
111  34.59178479  133.94046903
111  34.59069948  133.94054821
111  34.59065306  133.94074218
111  34.59059248  133.94074538
111  34.59055823  133.94077898
111  34.59049897  133.94068459
112  34.59052926  133.94055020  34.59058326  133.94048301
111  34.59063462  133.94042862
111  34.59058194  133.94035822
111  34.59045024  133.94051341
112  34.59043443  133.94066059  34.59046341  133.94073898
111  34.59057272  133.94090536
111  34.59058457  133.94099655
111  34.59047991  133.94138528
111  34.59040168  133.94143456
111  34.59056104  133.94183755
111  34.59064941  133.94175836
111  34.59054655  133.94149791
112  34.59055524  133.94135009  34.59058277  133.94124626
111  34.59069602  133.94080750
112  34.59091301  133.94062894  34.59109033  133.94058926
111  34.59183646  133.94052975
111  34.59170565  133.93817425
111  34.59509472  133.92628928
112  34.59499306  133.92593349  34.59486079  133.92587324
111  34.59383984  133.92541632
111  34.59381108  133.92549629
111  34.59494776  133.92598333
112  34.59503870  133.92629463  34.59501390  133.92641514
111  34.59366800  133.93105675
111  34.59349326  133.92810863
111  34.59271068  133.92816145
111  34.59249221  133.92526522 102
111  34.59154199  133.92534062
111  34.59152743  133.92508296
111  34.59113687  133.92511388
111  34.59107535  133.92516026
111  34.59107748  133.92535350
111  34.59107594  133.92544883
111  34.59114594  133.92544368 102
111  34.59120652  133.92654896 102
112  34.59109082  133.92665968  34.59098039  133.92666394 102
111  34.59059353  133.92669261
111  34.59060989  133.92700038 102
111  34.59114867  133.92695354 102
112  34.59123404  133.92704742  34.59123597  133.92713643 102
111  34.59124176  133.92723715
111  34.59126875  133.92723949 102
111  34.59127261  133.92736364
111  34.59119162  133.92737769
111  34.59119355  133.92745264
111  34.59108171  133.92747841
112  34.59100844  133.92746670  34.59098144  133.92748075
112  34.59093323  133.92755102  34.59092745  133.92758850
112  34.59096601  133.92768922  34.59099879  133.92770561
112  34.59107785  133.92770093  34.59111256  133.92767048
112  34.59113956  133.92762363  34.59113570  133.92758850
112  34.59110292  133.92750183  34.59109906  133.92749480
111  34.59128032  133.92746904 102
111  34.59129767  133.92778291 102
112  34.59112606  133.92809912  34.59097951  133.92812489 102
112  34.59082911  133.92809912  34.59078283  133.92805462 102
112  34.59066147  133.92783613  34.59064604  133.92774713
111  34.59070922  133.92866540 102
112  34.59090722  133.92834439  34.59106121  133.92832455 102
112  34.59119887  133.92836140  34.59125953  133.92841808 102
112  34.59132534  133.92860193  34.59133234  133.92870113 102
112  34.59133420  133.92876102  34.59133886  133.92877802 102
111  34.59135520  133.92919748
111  34.59124320  133.92922299
111  34.59122220  133.92896508
111  34.59083256  133.92900476
111  34.59084889  133.92929385
111  34.59123854  133.92925984
111  34.59135286  133.92922583 102
111  34.59157076  133.93289508 102
112  34.59144965  133.93297430  34.59130990  133.93298185 102
111  34.59096082  133.93301202
111  34.59097971  133.93333456 102
111  34.59153660  133.93327185 102
112  34.59160492  133.93339633  34.59161424  133.93353214 102
111  34.59175138  133.93591786 102
111  34.59131204  133.93746247 102
112  34.59121425  133.93737450  34.59119321  133.93727655
114  34.59119283  133.93739859  34.59119283  133.93740072
112  34.59256575  133.92745034  34.59257423  133.92751476
111  34.59252969  133.92751991
112  34.59225395  133.92755856  34.59220304  133.92756886
111  34.59219456  133.92752764
111  34.59217971  133.92744261
111  34.59211183  133.92740654
112  34.59215426  133.92693761  34.59216274  133.92688092
111  34.59219031  133.92687577
112  34.59246181  133.92685000  34.59252333  133.92684485
113  34.59252757  133.92692215
111  34.59233634  133.92830910
111  34.59235036  133.92855185
111  34.59225570  133.92856037
111  34.59220136  133.92851352
113  34.59218734  133.92832614
111  34.59232056  133.92801738
111  34.59233459  133.92825800
111  34.59218734  133.92828355
113  34.59217156  133.92801312
112  34.59231871  133.92791066  34.59232190  133.92797261
112  34.59221194  133.92796680  34.59215776  133.92796874
111  34.59216413  133.92792615
112  34.59214820  133.92768804  34.59214501  133.92761642
112  34.59225656  133.92762029  34.59229959  133.92761448
113  34.59230437  133.92767643
111  34.59210260  133.93269870 102
112  34.59212993  133.93316345  34.59214017  133.93328794 102
112  34.59193863  133.93327549  34.59184298  133.93328794 102
111  34.59184981  133.93320495 102
112  34.59180199  133.93237918  34.59179515  133.93222979 102
111  34.59184640  133.93222149 102
111  34.59288487  133.93213850
113  34.59290195  133.93260741 102
111  34.59157407  133.92867781
111  34.59261315  133.92857019
111  34.59265595  133.92926656 102
113  34.59161327  133.92933710 102
110 1 0.00 120.0000 New Taxiway 4
111  34.59108574  133.93985523
111  34.59107304  133.93985638
111  34.59108561  133.94004915
112  34.59103814  133.94016143  34.59103335  133.94021524
112  34.59104892  133.94032868  34.59107167  133.94037377
111  34.59110689  133.94042566
111  34.59111032  133.94047387
113  34.59112699  133.94047248
110 1 0.00 120.0000 New Taxiway 3
111  34.59139260  133.94044988
111  34.59140753  133.94044859
111  34.59140538  133.94041257
112  34.59145543  133.94027819  34.59146728  133.94024459
112  34.59145279  133.94015020  34.59144489  133.94008941
111  34.59139353  133.94002381
111  34.59138548  133.93982879
113  34.59135639  133.93983197
130 Airport Boundary 1
111  34.58966147  133.93908678
111  34.59038396  133.94191073
111  34.59060316  133.94183206
111  34.59098723  133.94115787
111  34.59109139  133.94094882
111  34.59134501  133.94097082
111  34.59149447  133.94090481
111  34.59160316  133.94099833
111  34.59173450  133.94099283
111  34.59180243  133.94077277
111  34.59168468  133.93855023
111  34.59526168  133.92614996
111  34.59033310  133.92409542
113  34.58959976  133.92394221
120 Linear Feature 168
111  34.59171640  133.93181344 1
116  34.59164466  133.93190245  34.59164916  133.93197457
120 Linear Feature 167
111  34.59163405  133.93174262 1
112  34.59171640  133.93181344  34.59177283  133.93180748 1
115  34.59275578  133.93172994
120 Linear Feature 170
111  34.59157302  133.92950434 1
116  34.59149474  133.92938730  34.59148084  133.92928300
120 Linear Feature 169
111  34.59253987  133.93002861 1
112  34.59258758  133.92986535  34.59258075  133.92973257 1
111  34.59257050  133.92950849 1
112  34.59245777  133.92942550  34.59235188  133.92943380 1
111  34.59157302  133.92950434 1
116  34.59150770  133.92958778  34.59150977  133.92966686
120 Linear Feature 162
111  34.59265771  133.93001906 1
111  34.59253987  133.93002861 1
115  34.59160745  133.93010423
120 Linear Feature 157
111  34.59180983  133.92645663 1
111  34.59181756  133.92656173 1
111  34.59176480  133.92656614 1
111  34.59170942  133.92657076 1
115  34.59170450  133.92646801
120 Linear Feature 156
111  34.59194601  133.92644436 1
111  34.59195367  133.92655252 1
111  34.59190121  133.92655882 1
111  34.59184717  133.92656530 1
115  34.59184038  133.92645366
120 Linear Feature 155
111  34.59208048  133.92643087 1
111  34.59208461  133.92653337 1
111  34.59202901  133.92653929 1
111  34.59197625  133.92654490 1
116  34.59196843  133.92644381  34.59196695  133.92644567
120 Linear Feature 161
112  34.59176480  133.92656614  34.59176480  133.92657252 1
116  34.59171455  133.92670545  34.59165670  133.92670971
120 Linear Feature 160
111  34.59190121  133.92655882 1
116  34.59184626  133.92669278  34.59178140  133.92669704
120 Linear Feature 159
111  34.59202901  133.92653929 1
116  34.59196529  133.92668348  34.59188115  133.92668774
120 Linear Feature 158
112  34.59216729  133.92652942  34.59216379  133.92653368 1
116  34.59210788  133.92666761  34.59202900  133.92667400
120 Linear Feature 154
111  34.59221291  133.92641744 1
111  34.59222034  133.92652353 1
111  34.59216729  133.92652942 1
111  34.59211645  133.92653507 1
115  34.59210932  133.92642795
120 Linear Feature 153
111  34.59166942  133.92619413 1
116  34.59174585  133.92631930  34.59175403  133.92643850
120 Linear Feature 152
111  34.59181650  133.92618137 1
116  34.59188410  133.92630840  34.59189227  133.92640955
120 Linear Feature 149
111  34.59180756  133.92641809 1
111  34.59180221  133.92631268 1
111  34.59174585  133.92631930 1
111  34.59169738  133.92632532 1
115  34.59170333  133.92642827
120 Linear Feature 148
112  34.59193773  133.92640479  34.59193733  133.92640425 1
111  34.59193178  133.92630365 1
111  34.59188410  133.92630840 1
111  34.59183216  133.92631358 1
115  34.59183793  133.92641513
120 Linear Feature 147
111  34.59207697  133.92639261 1
111  34.59207229  133.92628468 1
111  34.59201846  133.92629127 1
111  34.59196152  133.92629823 1
115  34.59196508  133.92640271
120 Linear Feature 151
111  34.59195832  133.92616818 1
116  34.59201846  133.92629127  34.59202441  133.92636351
120 Linear Feature 150
111  34.59208415  133.92615898 1
116  34.59215252  133.92627681  34.59215550  133.92635177
120 Linear Feature 146
111  34.59210129  133.92639034 1
111  34.59209757  133.92628288 1
111  34.59215252  133.92627681 1
111  34.59220388  133.92627114 1
115  34.59221185  133.92637860
120 Linear Feature 145
111  34.59221185  133.92637860 1
111  34.59210129  133.92639034
111  34.59207697  133.92639261 1
111  34.59196508  133.92640271
111  34.59193813  133.92640534 1
111  34.59183793  133.92641513
111  34.59180756  133.92641809 1
115  34.59170333  133.92642827
120 Linear Feature 144
111  34.59221291  133.92641744 1
111  34.59210932  133.92642795
111  34.59208048  133.92643087 1
111  34.59196992  133.92644195
111  34.59194601  133.92644436 1
111  34.59184038  133.92645366
111  34.59180983  133.92645663 1
115  34.59170450  133.92646801
120 Linear Feature 142
111  34.59200028  133.92603228 1
116  34.59195832  133.92616818  34.59192022  133.92617340
120 Linear Feature 141
111  34.59213788  133.92601657 1
116  34.59208415  133.92615898  34.59203561  133.92616122
120 Linear Feature 140
111  34.59186639  133.92604478 1
116  34.59181650  133.92618137  34.59175752  133.92619107
120 Linear Feature 139
111  34.59172870  133.92605812 1
116  34.59166942  133.92619413  34.59160245  133.92620010
120 Linear Feature 138
111  34.59177326  133.92594339 1
111  34.59177887  133.92605354 1
111  34.59172870  133.92605812 1
111  34.59167764  133.92606279 1
115  34.59167061  133.92595319
120 Linear Feature 137
112  34.59191275  133.92592925  34.59191601  133.92592788 1
111  34.59191928  133.92603899 1
111  34.59186639  133.92604478 1
111  34.59181370  133.92604957 1
115  34.59180696  133.92594031
120 Linear Feature 136
111  34.59204871  133.92591762 1
111  34.59205316  133.92602709 1
111  34.59200028  133.92603228 1
111  34.59194540  133.92603767 1
115  34.59193996  133.92592661
120 Linear Feature 135
111  34.59218269  133.92590502 1
111  34.59218723  133.92601048 1
111  34.59213788  133.92601657 1
111  34.59208657  133.92602238 1
115  34.59208036  133.92591465
120 Linear Feature 134
111  34.59218269  133.92590502 1
111  34.59208036  133.92591465
111  34.59204871  133.92591762 1
111  34.59193996  133.92592661
111  34.59190949  133.92593062 1
111  34.59180696  133.92594031
111  34.59177326  133.92594339 1
115  34.59167061  133.92595319
120 Linear Feature 133
111  34.59203552  133.92563595 1
116  34.59212471  133.92577202  34.59213308  133.92586905
120 Linear Feature 132
111  34.59190386  133.92564864 1
116  34.59198680  133.92578064  34.59199442  133.92588510
120 Linear Feature 131
111  34.59162220  133.92567590 1
116  34.59171576  133.92580573  34.59172338  133.92588770
120 Linear Feature 130
111  34.59176535  133.92566200 1
116  34.59185243  133.92579380  34.59185679  133.92589693
120 Linear Feature 129
111  34.59204390  133.92588284 1
111  34.59203964  133.92577554 1
111  34.59198680  133.92578064 1
111  34.59193251  133.92578548 1
115  34.59193711  133.92589113
120 Linear Feature 128
111  34.59218357  133.92587289 1
111  34.59217948  133.92576660 1
111  34.59212471  133.92577202 1
111  34.59206908  133.92577753 1
115  34.59207235  133.92588183
120 Linear Feature 127
112  34.59180562  133.92589972  34.59180547  133.92590149 1
112  34.59179989  133.92579839  34.59180153  133.92579938
111  34.59179989  133.92579839
112  34.59179989  133.92579839  34.59180071  133.92579889 1
112  34.59185243  133.92579380  34.59187819  133.92579119 1
111  34.59190375  133.92578846 1
115  34.59190866  133.92589276
120 Linear Feature 126
111  34.59177520  133.92590399 1
111  34.59177045  133.92580137 1
111  34.59171576  133.92580573 1
111  34.59166468  133.92580979 1
115  34.59166998  133.92591214
120 Linear Feature 125
111  34.59164472  133.92591413
111  34.59166998  133.92591214 1
111  34.59177520  133.92590399
111  34.59180547  133.92590149 1
111  34.59190866  133.92589276
111  34.59193711  133.92589113 1
111  34.59204390  133.92588284
111  34.59207235  133.92588183 1
115  34.59218357  133.92587289
120 Linear Feature 123
111  34.59227130  133.92627024 1
111  34.59223041  133.92627421 1
111  34.59224606  133.92652294 1
113  34.59228654  133.92651965 1
120 Linear Feature 118
111  34.59208423  133.92540008 1
111  34.59209050  133.92550887 1
111  34.59204132  133.92551365 1
111  34.59198537  133.92551908 1
115  34.59197652  133.92541072
120 Linear Feature 122
111  34.59204132  133.92551365 1
116  34.59199106  133.92564023  34.59194659  133.92564452
120 Linear Feature 121
111  34.59190081  133.92552809 1
116  34.59185865  133.92565300  34.59180794  133.92566004
120 Linear Feature 120
111  34.59176629  133.92553919 1
116  34.59171527  133.92566683  34.59165007  133.92567563
120 Linear Feature 119
111  34.59158447  133.92568053 1
116  34.59163380  133.92554781  34.59162945  133.92545630
120 Linear Feature 117
111  34.59167985  133.92543679 1
111  34.59168579  133.92554277 1
111  34.59163380  133.92554781 1
111  34.59158075  133.92555295 1
115  34.59157537  133.92544648
120 Linear Feature 114
111  34.59211179  133.92539736 1
111  34.59211960  133.92550443 1
115  34.59217372  133.92549725
120 Linear Feature 113
111  34.59222088  133.92538659 1
111  34.59222449  133.92549241 1
111  34.59217372  133.92549725 1
112  34.59216908  133.92557414  34.59215522  133.92560179 1
115  34.59212507  133.92562731
120 Linear Feature 112
111  34.59222088  133.92538659 1
111  34.59211179  133.92539736
111  34.59208423  133.92540008 1
111  34.59197652  133.92541072
111  34.59195237  133.92541150 1
111  34.59184460  133.92542150
111  34.59181756  133.92542401 1
111  34.59170715  133.92543425
111  34.59167985  133.92543679 1
111  34.59157537  133.92544648
115  34.59154429  133.92544936
120 Linear Feature 111
112  34.59224202  133.92575781  34.59224208  133.92575783 1
111  34.59220415  133.92576166 1
111  34.59221923  133.92601076 1
113  34.59225875  133.92600436 1
120 Linear Feature 110
111  34.59365058  133.93104659 20
115  34.59355786  133.92957607
120 Linear Feature 109
111  34.59350396  133.93062651 20
115  34.59318684  133.93065361
120 Linear Feature 108
111  34.59348970  133.92933511 20
115  34.59358843  133.93104852
120 Linear Feature 107
111  34.59361962  133.93102053 22
115  34.59351863  133.92933511
120 Linear Feature 88
111  34.59142442  133.92623297 1
111  34.59139682  133.92623383 1
112  34.59140264  133.92625084  34.59140888  133.92625084 1
112  34.59141006  133.92623354  34.59141019  133.92623433 1
112  34.59141620  133.92625005  34.59142331  133.92625005 1
116  34.59142442  133.92623297  34.59142485  133.92622460
120 Linear Feature 87
111  34.59144673  133.92676077 1
112  34.59145096  133.92675071  34.59145053  133.92674417 1
112  34.59144170  133.92674417  34.59143589  133.92674469 1
112  34.59142706  133.92675175  34.59142770  133.92675934 1
115  34.59143503  133.92676195
120 Linear Feature 86
111  34.59150945  133.92780736 1
111  34.59148236  133.92781014 1
112  34.59148961  133.92782775  34.59149914  133.92782728 1
116  34.59150945  133.92780736  34.59150754  133.92778604
120 Linear Feature 85
111  34.59144111  133.92849091 1
116  34.59150677  133.92839098  34.59155945  133.92838298
120 Linear Feature 94
111  34.59173972  133.92837228 1
112  34.59179912  133.92844565  34.59180506  133.92848411 1
111  34.59180506  133.92849493 1
111  34.59185750  133.92849012 1
111  34.59186368  133.92860131 1
111  34.59175657  133.92861002 1
111  34.59175064  133.92850094 1
115  34.59180506  133.92849493
120 Linear Feature 84
111  34.59143143  133.92832308 1
112  34.59150677  133.92839098  34.59155551  133.92838790 1
111  34.59160558  133.92838419 1
111  34.59173972  133.92837228 1
111  34.59180217  133.92836673 1
111  34.59186832  133.92836085 1
111  34.59198997  133.92835004 1
112  34.59206715  133.92842096  34.59207012  133.92847144 1
111  34.59207111  133.92847745 1
111  34.59212949  133.92847264 1
111  34.59213444  133.92857809 1
111  34.59202164  133.92858890 1
111  34.59201768  133.92848313 1
115  34.59207111  133.92847745
120 Linear Feature 81
111  34.59172611  133.93330787 1
116  34.59155164  133.93311792  34.59138738  133.93311792
120 Linear Feature 80
111  34.59174457  133.93230540 1
115  34.59180103  133.93320951
120 Linear Feature 79
111  34.59184430  133.93375270 1
115  34.59183374  133.93377319
120 Linear Feature 78
111  34.59184430  133.93375270 1
115  34.59185770  133.93377051
120 Linear Feature 73
111  34.59174036  133.93362103 1
115  34.59175747  133.93382335
120 Linear Feature 72
111  34.59144734  133.93749719 1
111  34.59116850  133.93843916 1
116  34.59116001  133.93862209  34.59116425  133.93875350
120 Linear Feature 67
112  34.59291192  133.93279676  34.59291192  133.93280299 102
115  34.59290195  133.93260741
120 Linear Feature 66
111  34.59216203  133.92861620 102
115  34.59157407  133.92867781
120 Linear Feature 65
111  34.59154199  133.92534062 102
115  34.59107748  133.92535350
120 Linear Feature 64
111  34.59251429  133.92672198 1 102
115  34.59242874  133.92530209
120 Linear Feature 63
111  34.59210413  133.92763665 1 102
111  34.59157338  133.92769838 1 102
112  34.59146327  133.92753376  34.59145198  133.92735544 1 102
111  34.59143222  133.92695419 1 102
112  34.59154232  133.92681359  34.59166372  133.92680330 1 102
111  34.59251429  133.92672198 1
115  34.59251940  133.92678355
120 Linear Feature 62
111  34.59251940  133.92678355 1
115  34.59212107  133.92681702
120 Linear Feature 53
111  34.59159702  133.92658205 1
116  34.59153766  133.92672246  34.59145371  133.92673202
120 Linear Feature 52
111  34.59225822  133.92665315 1
111  34.59210788  133.92666761 1
111  34.59196529  133.92668348 1
111  34.59184626  133.92669278 1
111  34.59171455  133.92670545 1
111  34.59153766  133.92672246 1
115  34.59141654  133.92673411
120 Linear Feature 50
111  34.59151555  133.92620795 1
116  34.59157831  133.92605739  34.59156849  133.92594018
120 Linear Feature 49
112  34.59137223  133.92621435  34.59137059  133.92621733 1
116  34.59131593  133.92630792  34.59131675  133.92638838
120 Linear Feature 48
111  34.59236591  133.92606371 1
116  34.59229785  133.92613768  34.59226279  133.92613981
120 Linear Feature 47
111  34.59229785  133.92613768 1
116  34.59237415  133.92620374  34.59237590  133.92625910
120 Linear Feature 42
111  34.59137759  133.92572500 1
115  34.59137759  133.92573620
120 Linear Feature 41
111  34.59136667  133.92572159 1
111  34.59137759  133.92572500 1
111  34.59139000  133.92572887 1
111  34.59137759  133.92573620 1
115  34.59136667  133.92574266
120 Linear Feature 116
111  34.59181756  133.92542401 1
111  34.59182310  133.92553321 1
111  34.59176629  133.92553919 1
111  34.59171484  133.92554461 1
115  34.59170715  133.92543425
120 Linear Feature 115
111  34.59184460  133.92542150 1
111  34.59185022  133.92553324 1
111  34.59190081  133.92552809 1
111  34.59195669  133.92552239 1
115  34.59195237  133.92541150
120 Linear Feature 40
111  34.59138687  133.92569850 1
111  34.59158447  133.92568053 1
111  34.59162220  133.92567590 1
111  34.59171527  133.92566683 1
111  34.59176535  133.92566200 1
111  34.59185865  133.92565300 1
111  34.59190386  133.92564864 1
111  34.59199106  133.92564023 1
111  34.59203552  133.92563595 1
111  34.59212507  133.92562731 1
111  34.59223444  133.92561676 1
112  34.59234588  133.92571138  34.59235350  133.92578674 1
111  34.59236591  133.92606371 1
111  34.59237415  133.92620374 1
111  34.59239458  133.92655094 1
116  34.59225822  133.92665315  34.59214253  133.92665954
120 Linear Feature 28
112  34.59267948  133.93341125  34.59266581  133.93341125 1
115  34.59232736  133.93344857
120 Linear Feature 36
111  34.59259083  133.93304876 1
112  34.59248941  133.93293789  34.59242277  133.93293965 1
112  34.59235758  133.93306812  34.59236337  133.93314379 1
112  34.59246189  133.93321418  34.59253143  133.93321594 1
116  34.59259517  133.93306812  34.59258938  133.93297836
120 Linear Feature 35
111  34.59256910  133.93307340 1
112  34.59248072  133.93296781  34.59242277  133.93296957 1
112  34.59238655  133.93307164  34.59238945  133.93311387 1
112  34.59247782  133.93318251  34.59254447  133.93317899 1
116  34.59256910  133.93307340  34.59256620  133.93302236
120 Linear Feature 34
111  34.59259227  133.93378789 1
115  34.59243436  133.93351336
120 Linear Feature 33
111  34.59256475  133.93350632 1
115  34.59245754  133.93379669
120 Linear Feature 32
111  34.59263284  133.93371398 1
115  34.59239090  133.93358551
120 Linear Feature 31
111  34.59261545  133.93355911 1
115  34.59240104  133.93375094
120 Linear Feature 30
111  34.59236337  133.93366646 1
115  34.59265747  133.93362775
120 Linear Feature 29
112  34.59249811  133.93347464  34.59249811  133.93347992 1
115  34.59252998  133.93382133
120 Linear Feature 39
112  34.59138687  133.92569850  34.59139047  133.92569741 1
112  34.59149482  133.92563075  34.59150471  133.92556300 1
111  34.59155239  133.92555645 1
111  34.59154429  133.92544936 1
111  34.59143725  133.92546029 1
111  34.59144265  133.92556300 1
116  34.59149482  133.92563075  34.59148223  133.92568648
120 Linear Feature 38
111  34.59132750  133.92572363 1
112  34.59138687  133.92569850  34.59142825  133.92569741 1
112  34.59151101  133.92571052  34.59152859  133.92573039 1
112  34.59155509  133.92580121  34.59156049  133.92586787 1
111  34.59155959  133.92592032 1
111  34.59147863  133.92592578 1
111  34.59148582  133.92607767 1
111  34.59165044  133.92606237 1
111  34.59164414  133.92591486 1
115  34.59155959  133.92592032
120 Linear Feature 45
111  34.59127310  133.92819607 1
116  34.59143280  133.92835046  34.59144127  133.92847049
120 Linear Feature 44
111  34.59053625  133.92789086 1
116  34.59079316  133.92825094  34.59101619  133.92822350
120 Linear Feature 43
111  34.59141652  133.92802447 1
112  34.59127310  133.92819607  34.59115735  133.92821322 1
111  34.59079316  133.92825094 1
116  34.59057013  133.92860416  34.59058707  133.92883736
120 Linear Feature 46
111  34.59130559  133.92613147 1
112  34.59137356  133.92621434  34.59141914  133.92621434 1
111  34.59151555  133.92620795 1
111  34.59166942  133.92619413 1
111  34.59181650  133.92618137 1
111  34.59195832  133.92616818 1
111  34.59208415  133.92615898 1
115  34.59229785  133.92613768
120 Linear Feature 70
111  34.59096821  133.93327756 20
115  34.59072282  133.93329919
120 Linear Feature 71
111  34.59108546  133.93742548 1
112  34.59124459  133.93764995  34.59138575  133.93762813 1
112  34.59144734  133.93749719  34.59149097  133.93735066 1
111  34.59166468  133.93669286 1
111  34.59185101  133.93605499 1
112  34.59186230  133.93583208  34.59185383  133.93564346 1
111  34.59175747  133.93382335 1
116  34.59181222  133.93374262  34.59187585  133.93373559
120 Linear Feature 70
111  34.59097019  133.93331843 20
115  34.59072479  133.93334006
120 Linear Feature 70
111  34.59096623  133.93324270 20
115  34.59072084  133.93326434
120 Linear Feature 69
111  34.59099225  133.93316552 1
116  34.59084156  133.93333766  34.59085046  133.93346507
120 Linear Feature 68
111  34.59170402  133.93293546 1
112  34.59155164  133.93311792  34.59145585  133.93312718 1
111  34.59099225  133.93316552 1
116  34.59082789  133.93298835  34.59081701  133.93282705
120 Linear Feature 77
112  34.59185675  133.93375212  34.59185612  133.93375212 1
112  34.59184430  133.93375270  34.59183847  133.93375298 1
115  34.59183279  133.93375327
120 Linear Feature 76
111  34.59200640  133.93361648 1
116  34.59192683  133.93373238  34.59186548  133.93373478
120 Linear Feature 74
111  34.59207468  133.93371865 1
112  34.59200640  133.93361648  34.59200145  133.93354556 1
111  34.59200244  133.93353475 1
112  34.59208259  133.93344460  34.59207666  133.93336286 1
112  34.59199651  133.93332199  34.59194901  133.93332440 1
112  34.59190349  133.93342777  34.59190844  133.93348667 1
116  34.59200244  133.93353475  34.59206082  133.93352753
120 Linear Feature 106
111  34.59291647  133.93184060 20
111  34.59292735  133.93205348 20
115  34.59331630  133.93202307
120 Linear Feature 105
111  34.59262416  133.92854842 20
115  34.59256767  133.92763964
120 Linear Feature 104
111  34.59257141  133.92686414 22
115  34.59266727  133.92841025
120 Linear Feature 103
111  34.59178108  133.92776381 1
112  34.59184241  133.92783633  34.59184732  133.92787805 1
111  34.59184813  133.92789221 1
111  34.59176717  133.92790189 1
111  34.59177535  133.92805090 1
111  34.59194054  133.92803401 1
111  34.59192909  133.92788600 1
115  34.59184813  133.92789221
120 Linear Feature 102
111  34.59158286  133.92778048 1
112  34.59165034  133.92786453  34.59165469  133.92790816 1
112  34.59163510  133.92791005  34.59163401  133.92791005 1
111  34.59158096  133.92791667 1
112  34.59158939  133.92806946  34.59159156  133.92806946 1
111  34.59174721  133.92805228 1
111  34.59174068  133.92790551 1
111  34.59167673  133.92790849 1
116  34.59165034  133.92786453  34.59164925  133.92783808
120 Linear Feature 101
112  34.59139665  133.92771172  34.59139665  133.92771305 1
112  34.59148264  133.92779105  34.59154577  133.92778312 1
111  34.59158604  133.92777915 1
111  34.59178256  133.92776404 1
111  34.59196427  133.92775007 1
112  34.59202414  133.92779370  34.59203829  133.92782411 1
111  34.59204047  133.92787568 1
111  34.59212101  133.92787039 1
111  34.59212645  133.92801583 1
111  34.59196536  133.92802508 1
111  34.59195883  133.92788096 1
115  34.59204047  133.92787568
120 Linear Feature 166
111  34.59160745  133.93010423 1
116  34.59154368  133.93019905  34.59154822  133.93029316
120 Linear Feature 165
111  34.59153450  133.93004231 1
116  34.59160745  133.93010423  34.59167555  133.93009856
120 Linear Feature 164
111  34.59166472  133.93100693 1
116  34.59159651  133.93110308  34.59160129  133.93117858
120 Linear Feature 163
111  34.59158736  133.93094419 1
112  34.59166472  133.93100693  34.59172835  133.93100178 1
115  34.59270825  133.93091933
120 Linear Feature 37
111  34.59233579  133.93369585 1
111  34.59207405  133.93371923 1
111  34.59192683  133.93373238 1
111  34.59181222  133.93374262 1
112  34.59174036  133.93362103  34.59173266  133.93352438 1
111  34.59172611  133.93330787 1
111  34.59170424  133.93293809 1
111  34.59164466  133.93190245 1
111  34.59163405  133.93174262 1
111  34.59159651  133.93110308 1
111  34.59158736  133.93094419 1
111  34.59154368  133.93019905 1
111  34.59153450  133.93004231 1
111  34.59150770  133.92958778 1
111  34.59149474  133.92938730 1
111  34.59144111  133.92849091 1
111  34.59143280  133.92835046 1
111  34.59143143  133.92832308 1
111  34.59141652  133.92802447 1
111  34.59140792  133.92787774 1
111  34.59139810  133.92771022 1
111  34.59135423  133.92696155 1
111  34.59134652  133.92682998 1
111  34.59133452  133.92662513 1
111  34.59131593  133.92630792 1
111  34.59130559  133.92613147 1
111  34.59128572  133.92579233 1
112  34.59132622  133.92572287  34.59135194  133.92570364 1
111  34.59136978  133.92557065 1
111  34.59141746  133.92556847 1
111  34.59141206  133.92545701 1
111  34.59130591  133.92546903 1
111  34.59131041  133.92557393 1
115  34.59136978  133.92557065
120 Linear Feature 83
111  34.59159479  133.93665302 4
115  34.59173762  133.93671764
120 Linear Feature 27
111  34.59127220  133.93836995 1
111  34.59173762  133.93671764 1
111  34.59192798  133.93604183 1
112  34.59194081  133.93581736  34.59193311  133.93566459 1
111  34.59184687  133.93406180 1
112  34.59195552  133.93390870  34.59206563  133.93390166 1
111  34.59234230  133.93387765 1
111  34.59270489  133.93385022 1
111  34.59267948  133.93341125 1
111  34.59281781  133.93340439 1
111  34.59277827  133.93268504 1
111  34.59213947  133.93275144 1
111  34.59218388  133.93346102 1
111  34.59232736  133.93344857 1
111  34.59233596  133.93369575 1
115  34.59234230  133.93387765
120 Linear Feature 82
111  34.59138800  133.93303708 4
115  34.59139808  133.93322508
120 Linear Feature 26
111  34.59097995  133.93332462 1 102
112  34.59103117  133.93326003  34.59109866  133.93325535 1
111  34.59113916  133.93325066 1
111  34.59139808  133.93322508 1
111  34.59154216  133.93321084 1
112  34.59164822  133.93331391  34.59165593  133.93342165 1
111  34.59178788  133.93586385 1
112  34.59177631  133.93602781  34.59175510  133.93608871 1
111  34.59159479  133.93665302 1
111  34.59135196  133.93748945 1
112  34.59129236  133.93752565  34.59126782  133.93751713 1
116  34.59122575  133.93745112  34.59120822  133.93738511
120 Linear Feature 25
111  34.59162265  133.93290682 1
112  34.59153021  133.93302722  34.59142498  133.93303345
111  34.59153021  133.93302722
112  34.59153021  133.93302722  34.59147760  133.93303034 1
112  34.59138800  133.93303708  34.59126834  133.93304877 1
111  34.59099894  133.93307710 1
116  34.59095344  133.93303057  34.59095105  133.93298694
120 Linear Feature 24
111  34.59086493  133.92776951 20
115  34.59088724  133.92780153
120 Linear Feature 23
112  34.59091765  133.92780481  34.59091427  133.92780646 20
111  34.59087102  133.92781384 20
115  34.59091900  133.92776212
120 Linear Feature 22
111  34.59091208  133.92769702 20
112  34.59088995  133.92767432  34.59087583  133.92767339 20
112  34.59086248  133.92769702  34.59086210  133.92771185 20
112  34.59088308  133.92772205  34.59089834  133.92772112 20
116  34.59091208  133.92769702  34.59091208  133.92768312
120 Linear Feature 21
112  34.59088353  133.92763434  34.59088416  133.92763473 20
115  34.59086398  133.92763434
120 Linear Feature 20
111  34.59088227  133.92759030 20
111  34.59088416  133.92763473 20
115  34.59090875  133.92763281
120 Linear Feature 19
112  34.59090560  133.92758839  34.59090528  133.92758839 20
115  34.59085830  133.92758954
120 Linear Feature 18
111  34.59085294  133.92750314 20
111  34.59090086  133.92749792 20
111  34.59085355  133.92754792 20
115  34.59090148  133.92754568
120 Linear Feature 17
111  34.59089165  133.92741433 20
111  34.59084802  133.92743970 20
115  34.59089963  133.92746060
120 Linear Feature 16
111  34.59083881  133.92733074 20
111  34.59088612  133.92732850 20
111  34.59084126  133.92737403 20
115  34.59089042  133.92737328
120 Linear Feature 15
111  34.59109111  133.92813097 4
115  34.59110396  133.92831059
120 Linear Feature 7
111  34.59128770  133.92714805 1
112  34.59111912  133.92690008  34.59092024  133.92692088
111  34.59111912  133.92690008
112  34.59111912  133.92690008  34.59101968  133.92691048 1
112  34.59102616  133.92690760  34.59093050  133.92691500 1
111  34.59063701  133.92694008 1
116  34.59061118  133.92698193  34.59061244  133.92701761
120 Linear Feature 6
111  34.59059781  133.92675107 1
111  34.59101725  133.92672227 1
111  34.59115472  133.92671283 1
112  34.59125367  133.92655329  34.59124648  133.92641233 1
115  34.59119366  133.92547691
120 Linear Feature 14
111  34.59110396  133.92831059 1
111  34.59126118  133.92829874 1
112  34.59136001  133.92840917  34.59136528  133.92850196 1
115  34.59162265  133.93290682
120 Linear Feature 13
111  34.59121795  133.92811237 1
115  34.59109111  133.92813097
120 Linear Feature 12
111  34.59129062  133.92714575 1
111  34.59133858  133.92799702 1
116  34.59121795  133.92811237  34.59111016  133.92812172
120 Linear Feature 51
111  34.59151534  133.92620839 1
112  34.59158730  133.92630276  34.59158976  133.92636634 1
111  34.59159384  133.92643090 1
111  34.59167562  133.92642494 1
111  34.59168249  133.92657325 1
111  34.59159702  133.92658205 1
111  34.59152024  133.92658909 1
111  34.59150720  133.92643950 1
115  34.59159384  133.92643090
120 Linear Feature 55
112  34.59141654  133.92673411  34.59141327  133.92673411 1
116  34.59134652  133.92682998  34.59135143  133.92690448
120 Linear Feature 54
111  34.59133452  133.92662513 1
116  34.59141654  133.92673411  34.59146315  133.92673113
120 Linear Feature 57
111  34.59118153  133.92679950 1
116  34.59135423  133.92696155  34.59135968  133.92710302
120 Linear Feature 56
111  34.59133452  133.92662513 1
116  34.59118153  133.92679950  34.59110098  133.92680479
120 Linear Feature 59
111  34.59101725  133.92672227 4
115  34.59102616  133.92690760
120 Linear Feature 58
111  34.59118153  133.92679950 1
111  34.59102400  133.92681264 1
115  34.59071392  133.92683850
120 Linear Feature 90
111  34.59151988  133.92840788 1
115  34.59152009  133.92842227
120 Linear Feature 89
112  34.59152009  133.92840788  34.59152031  133.92840788 1
111  34.59154615  133.92840683 1
115  34.59154658  133.92842305
120 Linear Feature 93
111  34.59167246  133.92851017 1
111  34.59161646  133.92851572 1
115  34.59162199  133.92861925
120 Linear Feature 92
111  34.59160579  133.92838385 1
112  34.59166743  133.92846336  34.59167190  133.92850067 1
111  34.59167246  133.92851017 1
111  34.59172775  133.92850475 1
111  34.59173111  133.92861059 1
111  34.59162199  133.92861925 1
111  34.59153450  133.92862620 1
111  34.59157828  133.92940642 1
111  34.59266518  133.92931369 1
115  34.59283163  133.93214506
120 Linear Feature 91
111  34.59153313  133.92840793 1
115  34.59153366  133.92842279
120 Linear Feature 96
111  34.59199565  133.92834689 1
112  34.59205734  133.92825793  34.59205555  133.92820548 1
111  34.59209513  133.92820985 1
111  34.59213830  133.92820548 1
111  34.59213201  133.92804704 1
111  34.59196649  133.92806343 1
111  34.59197459  133.92822297 1
111  34.59202226  133.92821860 1
116  34.59205734  133.92825793  34.59205824  133.92828962
120 Linear Feature 95
111  34.59186832  133.92836085 1
112  34.59193343  133.92842991  34.59193789  133.92846332 1
111  34.59193863  133.92848771 1
111  34.59188659  133.92849493 1
111  34.59189551  133.92859969 1
111  34.59200108  133.92858976 1
111  34.59199216  133.92848139 1
115  34.59193863  133.92848771
120 Linear Feature 100
111  34.59167972  133.92824266 1
116  34.59160558  133.92838419  34.59152552  133.92839294
120 Linear Feature 99
111  34.59175060  133.92808638 1
111  34.59159228  133.92810058 1
111  34.59160127  133.92824919 1
111  34.59167972  133.92824266 1
113  34.59175690  133.92823608 1
120 Linear Feature 98
111  34.59186758  133.92822670 1
116  34.59180217  133.92836673  34.59172031  133.92837438
120 Linear Feature 97
111  34.59193681  133.92806889 1
111  34.59178208  133.92808091 1
111  34.59178928  133.92823389 1
111  34.59186758  133.92822670 1
111  34.59194400  133.92821969 1
115  34.59193681  133.92806889
21  34.59101234  133.92921183 2 85.9300 3.0 09  PAPI-4L
21  34.59067946  133.93716328 2 265.9400 3.0 27  PAPI-4L
20  34.59081871  133.92715307 67.3801 0 2 {@Y}{^l}T1
20  34.59090345  133.92858852 79.4183 0 2 {@Y}{^l}T2
20  34.59118747  133.93347279 86.1390 0 2 {@Y}{^l}T3
20  34.59137675  133.93674860 89.3563 0 2 {@R}09-27
14  34.59279269  133.92876621  82.02 0 New Tower Viewpoint 1
18  34.59238195  133.93491714 1 BCN
19  34.59039159  133.93856041 0 New Windsock 7
19  34.59023769  133.92611179 1 WS
19  34.59157080  133.94019890 1 WS
54 13075 AIR SERVICE
99
