I
1000 Generated by WorldEditor

1     49 1 0 RJOO Osaka Intl
100 60.96 2 0 0.25 1 2 1 14R  34.79132513  135.42870651    0   73 3 6 0 1 32L  34.77220087  135.45187749    0   76 3 6 1 1
100 45.72 1 0 0.25 1 2 1 14L  34.79526910  135.42868498    0  207 2 7 0 1 32R  34.78361690  135.44280902    0  174 2 1 1 1
110 1 0.25 135.1000 New Taxiway 17
111  34.77226673  135.45224478 1 102
112  34.77226228  135.45285137  34.77230824  135.45303057 1 102
111  34.77246006  135.45308907 1 102
112  34.77315173  135.45329577  34.77341926  135.45337512
111  34.77315173  135.45329577
112  34.77315173  135.45329577  34.77360271  135.45343672 1 102
111  34.77381767  135.45308393 1 102
111  34.77394405  135.45295805 1 102
111  34.78131283  135.44399506 1 102
112  34.78167299  135.44366427  34.78190678  135.44353348
111  34.78167299  135.44366427
112  34.78167299  135.44366427  34.78194469  135.44351041 1 102
111  34.78216585  135.44350272 1 102
111  34.78269662  135.44348732 1 102
111  34.78273453  135.44353348
111  34.78311365  135.44307959 1 102
112  34.78283563  135.44325653  34.78275980  135.44325653 1 102
111  34.78240596  135.44324884 1 102
112  34.78196997  135.44304113  34.78181832  135.44288727 1 102
112  34.78154662  135.44224874  34.78150871  135.44196410
111  34.78154662  135.44224874
112  34.78154662  135.44224874  34.78150871  135.44187948 1 102
111  34.78170458  135.44141020 1 102
112  34.78209002  135.44070243  34.78231750  135.44044086
111  34.78209002  135.44070243
112  34.78209002  135.44070243  34.78251338  135.44027931 1 102
111  34.78310733  135.44015622 1 102
112  34.78421310  135.44027930  34.78488920  135.44048701
111  34.78421310  135.44027930
112  34.78421310  135.44027930  34.78459854  135.44040239 1 102
112  34.78487980  135.44069159  34.78491771  135.44073775
111  34.78487980  135.44069159
112  34.78487980  135.44069159  34.78494299  135.44076083 1 102
111  34.78485760  135.44094860
111  34.78524936  135.44051009 1 102
112  34.78496502  135.44042547  34.78487656  135.44033315 1 102
111  34.78483865  135.44000234 1 102
112  34.78464440  135.43891159  34.78463675  135.43854854
111  34.78464440  135.43891159
112  34.78464440  135.43891159  34.78465204  135.43812964 1 102
111  34.78488141  135.43769214 1 102
111  34.78501903  135.43751527 1 102
112  34.78584495  135.43725224  34.78607432  135.43717777
111  34.78584495  135.43725224
112  34.78584495  135.43725224  34.78678882  135.43698936 1 102
112  34.78734329  135.43759904  34.78738917  135.43765490
111  34.78734329  135.43759904
112  34.78734329  135.43759904  34.78741975  135.43769213 1 102
111  34.78735094  135.43794347
111  34.78778673  135.43745010 1 102
112  34.78758030  135.43745941  34.78751149  135.43739425
111  34.78758030  135.43745941
112  34.78758030  135.43745941  34.78752679  135.43741286 1 102
112  34.78665519  135.43686364  34.78625762  135.43678917
111  34.78665519  135.43686364
112  34.78665519  135.43686364  34.78615822  135.43678917 1 102
111  34.78583711  135.43688226 1 102
112  34.78526369  135.43706843  34.78510313  135.43709636
111  34.78526369  135.43706843
112  34.78526369  135.43706843  34.78504197  135.43714291 1 102
111  34.78512607  135.43689156 1 102
111  34.78530838  135.43646138
111  34.78407107  135.43794134 1 102
112  34.78446090  135.43775730  34.78452207  135.43773868 1 102
111  34.78452207  135.43780384 1 102
112  34.78436916  135.43887437  34.78439209  135.43951669 1 102
111  34.78452207  135.43992628 1 102
112  34.78440738  135.44001937  34.78426212  135.43999144
111  34.78440738  135.44001937
112  34.78440738  135.44001937  34.78428505  135.43997282 1 102
112  34.78335229  135.43987043  34.78286297  135.43990766 1 102
112  34.78263361  135.44005657  34.78255715  135.44009381
111  34.78263361  135.44005657
112  34.78263361  135.44005657  34.78238130  135.44013104 1 102
111  34.78251892  135.43981454
111  34.78125829  135.44129332 1 102
112  34.78143584  135.44136961  34.78140451  135.44154127
111  34.78143584  135.44136961
112  34.78143584  135.44136961  34.78140973  135.44149041 1 102
112  34.78131059  135.44231478  34.78136284  135.44297152
111  34.78131059  135.44231478
112  34.78131059  135.44231478  34.78139760  135.44283612 1 102
111  34.78154550  135.44298450 1 102
112  34.78142018  135.44323245  34.78125307  135.44321974
111  34.78142018  135.44323245
112  34.78142018  135.44323245  34.78089797  135.44321974 1 102
111  34.78031310  135.44344226 1 102
112  34.77973868  135.44363298  34.77961335  135.44367112
111  34.77973868  135.44363298
112  34.77973868  135.44363298  34.77945147  135.44371563 1 102
111  34.77956433  135.44340871
111  34.77763154  135.44576092 1 102
112  34.77765308  135.44581555  34.77760712  135.44589247 1 102
111  34.77717443  135.44693378 1 102
112  34.77724079  135.44767776  34.77738440  135.44799245
111  34.77724079  135.44767776
112  34.77724079  135.44767776  34.77737291  135.44790853 1 102
111  34.77767930  135.44802118 1 102
111  34.77769829  135.44804430 1 102
111  34.77737548  135.44840841 1 102
111  34.77645924  135.44913085 1 102
112  34.77528666  135.44981283  34.77511576  135.44989952
111  34.77528666  135.44981283
112  34.77528666  135.44981283  34.77439891  135.45024051 1 102
111  34.77465314  135.44937089
111  34.77421115  135.44990530 1 102
112  34.77433720  135.44991686  34.77437992  135.44995732 1 102
112  34.77447962  135.45005557  34.77452234  135.45010758
111  34.77447962  135.45005557
112  34.77447962  135.45005557  34.77481668  135.45042545 1 102
111  34.77530090  135.45010758 1 102
112  34.77609845  135.44969724  34.77616966  135.44966835
111  34.77609845  135.44969724
112  34.77609845  135.44969724  34.77625986  135.44962789 1 102
111  34.77616491  135.44983595 1 102
111  34.77415205  135.45229797 1 102
112  34.77364409  135.45236154  34.77326430  135.45226329
111  34.77364409  135.45236154
112  34.77364409  135.45236154  34.77355864  135.45233842 1 102
111  34.77292250  135.45219394 1 102
112  34.77276584  135.45200900  34.77273735  135.45196276
111  34.77276584  135.45200900
112  34.77276584  135.45200900  34.77270887  135.45193387 1 102
113  34.77277533  135.45162178
111  34.77813374  135.44748962 1 102
112  34.77757075  135.44760809  34.77728578  135.44735423
111  34.77757075  135.44760809
112  34.77757075  135.44760809  34.77727883  135.44735423 1 102
111  34.77738309  135.44698190 1 102
111  34.77806636  135.44532628 1 102
111  34.77846737  135.44477331 1 102
112  34.77972542  135.44396095  34.78046217  135.44364786
111  34.77972542  135.44396095
112  34.77972542  135.44396095  34.77996174  135.44386787 1 102
111  34.78044132  135.44372401 1 102
111  34.78087921  135.44360555 1 102
112  34.78117808  135.44358016  34.78126149  135.44358016
111  34.78117808  135.44358016
112  34.78117808  135.44358016  34.78130319  135.44358016 1 102
113  34.78121978  135.44379171 1 102
110 1 0.25 135.1000 New Taxiway 16
111  34.79023314  135.43446590 1 102
112  34.78998882  135.43452066  34.78993234  135.43447705
111  34.78998882  135.43452066
112  34.78998882  135.43452066  34.78996776  135.43449861 1 102
111  34.78977521  135.43436677 1 102
111  34.78950045  135.43423048 1 102
112  34.78784172  135.43444112  34.78699708  135.43491195
111  34.78784172  135.43444112
112  34.78784172  135.43444112  34.78770942  135.43450307 1 102
112  34.78662056  135.43517214  34.78650862  135.43523410
111  34.78662056  135.43517214
112  34.78662056  135.43517214  34.78640686  135.43528366 1 102
111  34.78639668  135.43511019
111  34.78542994  135.43629967 1 102
111  34.78682409  135.43533322 1 102
112  34.78816736  135.43462697  34.78839935  135.43456972
111  34.78816736  135.43462697
112  34.78816736  135.43462697  34.78890890  135.43432361 1 102
111  34.78945321  135.43452785 1 102
112  34.78968362  135.43465175  34.78975486  135.43471370
111  34.78968362  135.43465175
112  34.78968362  135.43465175  34.78978539  135.43473848 1 102
113  34.78975486  135.43503585
110 2 0.25 135.1000 New Taxiway 15
111  34.79106916  135.42947763 3 102
112  34.79153914  135.42933138  34.79177386  135.42932037
111  34.79153914  135.42933138
112  34.79153914  135.42933138  34.79165822  135.42932905 3 102
111  34.79180025  135.42943948 3 102
112  34.79296998  135.43087018  34.79301698  135.43093377
111  34.79296998  135.43087018
112  34.79296998  135.43087018  34.79302220  135.43094649 3 102
111  34.79294909  135.43115632
111  34.79330419  135.43075573 3 102
111  34.79321542  135.43073665 3 102
112  34.79307442  135.43008807  34.79309009  135.42979557
111  34.79307442  135.43008807
112  34.79307442  135.43008807  34.79308487  135.43001812 3 102
111  34.79313187  135.42966839 3 102
111  34.79311620  135.42958573 3 102
111  34.79253133  135.42882904 3 102
111  34.79240600  135.42881633 3 102
112  34.79200391  135.42895622  34.79197411  135.42896428
111  34.79200391  135.42895622
112  34.79200391  135.42895622  34.79181190  135.42901265 3 102
111  34.79168014  135.42900073 3 102
113  34.79149215  135.42894350
110 1 0.25 135.1000 Taxiway A
111  34.79589977  135.42826383 1 102
112  34.79620187  135.42849507  34.79621050  135.42880513
111  34.79620187  135.42849507
112  34.79620187  135.42849507  34.79620187  135.42860017 1 102
112  34.79619755  135.42915724  34.79619755  135.42923607
111  34.79619755  135.42915724
112  34.79619755  135.42915724  34.79619755  135.42932541 1 102
111  34.79603355  135.42959869 1 102
111  34.79430726  135.43150638 3 102
112  34.79392747  135.43150112  34.79380663  135.43132244
111  34.79392747  135.43150112
112  34.79392747  135.43150112  34.79388432  135.43143806 3 102
112  34.79376436  135.43130520  34.79372120  135.43123540
111  34.79376436  135.43130520
112  34.79376436  135.43130520  34.79364751  135.43111412 3 102
111  34.79378937  135.43083896
111  34.79315496  135.43159572 3 102
112  34.79357668  135.43150341  34.79369940  135.43162954
111  34.79357668  135.43150341
112  34.79357668  135.43150341  34.79363279  135.43157698 3 102
112  34.79369213  135.43182727  34.79372765  135.43192851
111  34.79369213  135.43182727
112  34.79369213  135.43182727  34.79377184  135.43211272 3 102
111  34.79367919  135.43229219 3 102
111  34.79236949  135.43395005 3 102
112  34.79167897  135.43441250  34.79136392  135.43450183
111  34.79167897  135.43441250
112  34.79167897  135.43441250  34.79159697  135.43442826 3 102
112  34.79103161  135.43453862  34.79094530  135.43454913
111  34.79103161  135.43453862
112  34.79103161  135.43453862  34.79085898  135.43454913 3 102
111  34.79091077  135.43431791
111  34.78998721  135.43543198 3 102
112  34.79046194  135.43533214  34.79054825  135.43546351
111  34.79046194  135.43533214
112  34.79046194  135.43533214  34.79064320  135.43592070 3 102
111  34.79034110  135.43632008 3 102
111  34.78895143  135.43800167 3 102
112  34.78818323  135.43812779  34.78792428  135.43785454
111  34.78818323  135.43812779
112  34.78818323  135.43812779  34.78803218  135.43793862 3 102
111  34.78823933  135.43754975
111  34.78747545  135.43846936 3 102
112  34.78793291  135.43844309  34.78805375  135.43867430
111  34.78793291  135.43844309
112  34.78793291  135.43844309  34.78811849  135.43883195 3 102
111  34.78776460  135.43945202 3 102
111  34.78633178  135.44118611 3 102
111  34.78605125  135.44140681 3 102
112  34.78564557  135.44134376  34.78549021  135.44112306 3 102
111  34.78561105  135.44072896
111  34.78494211  135.44154869 3 102
112  34.78533484  135.44147513  34.78545137  135.44160649
111  34.78533484  135.44147513
112  34.78533484  135.44147513  34.78539094  135.44153293 3 102
112  34.78554200  135.44169582  34.78560241  135.44176413
111  34.78554200  135.44169582
112  34.78554200  135.44169582  34.78562399  135.44180092 3 102
111  34.78552905  135.44216875 3 102
111  34.78497992  135.44286132 3 102
112  34.78403088  135.44315138  34.78366534  135.44301844
111  34.78403088  135.44315138
112  34.78403088  135.44315138  34.78382675  135.44306468 3 102
111  34.78394777  135.44274981
111  34.78268265  135.44428426 3 102
112  34.78426350  135.44418023  34.78432522  135.44418023
111  34.78426350  135.44418023
112  34.78426350  135.44418023  34.78433946  135.44418023 3 102
111  34.78432584  135.44436527
111  34.78526993  135.44319762 3 102
112  34.78537567  135.44286289  34.78544052  135.44277317
111  34.78537567  135.44286289
112  34.78537567  135.44286289  34.78540809  135.44281624 1 102
112  34.78561001  135.44257546  34.78563949  135.44253957
111  34.78561001  135.44257546
112  34.78561001  135.44257546  34.78571024  135.44245343 3 102
111  34.78599454  135.44235173
111  34.78626272  135.44200707 3 102
112  34.78651373  135.44141154  34.78673210  135.44112831 3 102
111  34.78695523  135.44113409
111  34.78733250  135.44062781 3 102
112  34.78737998  135.44035455  34.78745062  135.44025964
111  34.78737998  135.44035455
112  34.78737998  135.44035455  34.78739703  135.44033676 3 102
112  34.78806618  135.43953479  34.78811365  135.43948224
111  34.78806618  135.43953479
112  34.78806618  135.43953479  34.78822586  135.43938240 3 102
111  34.78849758  135.43934048
111  34.78891476  135.43879868 3 102
112  34.78896102  135.43850534  34.78903177  135.43840484
111  34.78896102  135.43850534
112  34.78896102  135.43850534  34.78899345  135.43845868 3 102
112  34.78965447  135.43761411  34.78969574  135.43757104
111  34.78965447  135.43761411
112  34.78965447  135.43761411  34.78974585  135.43752796 3 102
111  34.79004371  135.43755630
111  34.79027898  135.43727253
111  34.79026175  135.43688784
111  34.79086654  135.43616571
111  34.79116452  135.43618386
111  34.79575344  135.43063244
111  34.79588754  135.43030588
111  34.79627701  135.42982580 1 102
111  34.79629268  135.42955237 1 102
111  34.79682532  135.42889104 1 102
111  34.79689321  135.42869391 1 102
111  34.79689843  135.42749207 1 102
113  34.79672088  135.42725679
112  34.79151208  135.43495579  34.79144429  135.43507065
111  34.79151208  135.43495579
112  34.79151208  135.43495579  34.79148261  135.43500604 3 102
111  34.79130574  135.43519987 3 102
112  34.79093433  135.43526447  34.79083116  135.43517474
111  34.79093433  135.43526447
112  34.79093433  135.43526447  34.79090191  135.43523576 3 102
111  34.79073684  135.43511731 3 102
112  34.79068378  135.43496656  34.79069262  135.43488760 3 102
111  34.79082232  135.43486606 3 102
113  34.79147966  135.43476915 3 102
110 2 0.25 135.1000 Terminal pad
111  34.79026175  135.43688784
111  34.79027898  135.43727253
111  34.79004371  135.43755630 51 102
112  34.79009179  135.43788928  34.79002045  135.43799983
111  34.79009179  135.43788928
112  34.79009179  135.43788928  34.79006909  135.43792086 51 102
111  34.78948092  135.43866930 51 102
112  34.78897436  135.43890512  34.78886517  135.43882998
111  34.78897436  135.43890512
112  34.78897436  135.43890512  34.78894112  135.43888200 51 102
111  34.78891476  135.43879868
111  34.78849758  135.43934048 51 102
112  34.78864658  135.43939490  34.78868930  135.43946427
111  34.78864658  135.43939490
112  34.78864658  135.43939490  34.78869405  135.43947005 51 102
111  34.78861678  135.43973956 51 102
111  34.78776753  135.44073726 53 102
112  34.78745465  135.44086425  34.78737975  135.44082082 53 102
111  34.78733250  135.44062781
111  34.78695523  135.44113409 53 102
112  34.78715667  135.44115449  34.78719947  135.44122831
111  34.78715667  135.44115449
112  34.78715667  135.44115449  34.78722087  135.44129780 53 102
111  34.78711197  135.44151729 53 102
111  34.78662030  135.44215219 53 102
112  34.78629252  135.44217033  34.78617599  135.44208100
111  34.78629252  135.44217033
112  34.78629252  135.44217033  34.78623641  135.44212304 53 102
111  34.78626272  135.44200707
111  34.78599454  135.44235173 51 102
112  34.78612195  135.44241328  34.78618237  135.44250786
111  34.78612195  135.44241328
112  34.78612195  135.44241328  34.78619532  135.44255516 51 102
111  34.78607293  135.44271590 51 102
111  34.78556246  135.44340385 51 102
112  34.78532408  135.44342199  34.78523776  135.44337470 51 102
111  34.78526993  135.44319762
111  34.78432584  135.44436527
111  34.78651701  135.44493644
111  34.78693318  135.44545797
111  34.78696298  135.44643324
111  34.78749935  135.44715884
111  34.78906375  135.44532670
111  34.78821450  135.44414759
111  34.79255014  135.43879618
111  34.79273593  135.43901761
111  34.79279124  135.43895330
111  34.79303787  135.43924408
111  34.79398045  135.43930413
111  34.79524687  135.43767144
111  34.79375697  135.43583917
111  34.79454830  135.43487864
111  34.79581766  135.43643092
111  34.79635559  135.43572880
111  34.79667719  135.43614757
111  34.79792871  135.43460551
111  34.79615572  135.43244663
111  34.79599183  135.43260990
111  34.79558955  135.43212007
111  34.79685598  135.43061430
111  34.79627491  135.42983420
111  34.79588754  135.43030588
111  34.79575344  135.43063244
111  34.79116452  135.43618386
113  34.79086654  135.43616571
111  34.79216091  135.43721625
111  34.79236504  135.43793814
111  34.79232824  135.43798782
111  34.79224624  135.43797731
113  34.79201751  135.43725736
111  34.79077145  135.43960619
111  34.79072855  135.43975581
111  34.79059870  135.43982278
111  34.79035179  135.43953100
111  34.79041214  135.43938449
113  34.79054198  135.43933703
111  34.78924469  135.44158647
111  34.78920644  135.44170660
111  34.78912389  135.44172131
111  34.78883598  135.44136584
111  34.78886417  135.44128739
113  34.78894672  135.44122856
111  34.78836842  135.44384007
111  34.78831265  135.44387008
111  34.78785919  135.44372772
111  34.78783299  135.44387157
111  34.78726822  135.44369025
113  34.78730817  135.44348497
120 Linear Feature 9
111  34.79395646  135.43179404 7 105
112  34.79392999  135.43229906  34.79376871  135.43258332
111  34.79392999  135.43229906
112  34.79392999  135.43229906  34.79417139  135.43212353 1 101
111  34.79435626  135.43231055 1 101
112  34.79437764  135.43177047  34.79453892  135.43148768
111  34.79437764  135.43177047
112  34.79437764  135.43177047  34.79414541  135.43195900 7 105
115  34.79395646  135.43179404
120 taxi line
111  34.79182969  135.43789510 51
111  34.79070079  135.43661131 51
112  34.79064353  135.43644102  34.79062612  135.43632594
111  34.79064353  135.43644102
112  34.79064353  135.43644102  34.79063358  135.43636833 1
115  34.79063602  135.43628284
120 Taxi line
111  34.78955879  135.43749421 1 101
112  34.79015486  135.43743373  34.79041033  135.43761518 51 101
115  34.79075528  135.43737436
120 Turn line
112  34.79036576  135.43786827  34.79052466  135.43774735 51
115  34.79062278  135.43787676
120 Turn line
112  34.78726686  135.44166053  34.78742576  135.44153961 51
115  34.78752389  135.44166901
120 taxi line
111  34.79077080  135.43808761 51
115  34.79128563  135.43966161
120 taxi line
111  34.78767191  135.44187986 51
115  34.78812718  135.44336460
120 taxi line
111  34.79193403  135.43875446 51
115  34.79087692  135.43812668
120 taxi line
111  34.78883513  135.44254672 51
115  34.78785608  135.44208051
120 Taxi line
112  34.79062668  135.43755737  34.79052737  135.43771054 51
111  34.79062278  135.43787676 51
115  34.79074395  135.43805380
120 Taxi line
112  34.78752778  135.44134962  34.78742847  135.44150279 51
111  34.78752389  135.44166901 51
115  34.78764506  135.44184606
120 turn line
111  34.78725371  135.44031242 1 101
112  34.78718298  135.44082224  34.78722764  135.44110759
111  34.78718298  135.44082224
112  34.78718298  135.44082224  34.78719874  135.44088232 1 51 101
112  34.78726778  135.44097966  34.78729605  135.44100811
111  34.78726778  135.44097966
112  34.78726778  135.44097966  34.78751901  135.44126317 1 51 101
115  34.78732265  135.44158534
120 turn line
111  34.78670654  135.44098169 1 101
112  34.78712826  135.44090704  34.78736194  135.44095617
111  34.78712826  135.44090704
112  34.78712826  135.44090704  34.78717387  135.44091564 51 101
112  34.78726778  135.44097966  34.78729605  135.44100811
111  34.78726778  135.44097966
112  34.78726778  135.44097966  34.78753772  135.44124266 51 101
115  34.78782257  135.44097966
120 Rnwy hold W5 32L/14R
111  34.78130217  135.44202788 4 104
115  34.78154106  135.44203304
120 Rnwy hold W4 32L/14R
111  34.78007195  135.44383793 4 104
115  34.78001524  135.44354670
120 Rnwy hold W3 32L/14R
111  34.77714867  135.44710364 4 104
115  34.77736679  135.44712610
120 Rnwy hold W2 32L/14R
111  34.77465088  135.45018188 4 104
115  34.77474816  135.44990215
120 Rnwy hold W1 32L
111  34.77229577  135.45290230 4 104
115  34.77288284  135.45215878
120 Rnwy hold C7
111  34.79620225  135.42883179 4 104
115  34.79683024  135.42884324
120 Rnwy hold C1
111  34.78423206  135.44351495 4 104
115  34.78422570  135.44317591
120 Rnwy hold C1
111  34.78367469  135.44421461 4 104
115  34.78366834  135.44383508
120 Rnwy hold C2
111  34.78555418  135.44171055 4 104
115  34.78577250  135.44144675
120 Rnwy hold C3
111  34.78798547  135.43874492 4 104
115  34.78842148  135.43822589
120 Rnwy hold C4
111  34.79052215  135.43572554 4 104
115  34.79077877  135.43573172
120 Rnwy hold C4
111  34.79080226  135.43561601 4 104
115  34.79086040  135.43521854
120 Rnwy hold C6
111  34.79370158  135.43185038 4 104
115  34.79395154  135.43153810
120 Turn line
111  34.78488423  135.44322264 1 101
112  34.78474906  135.44331864  34.78467773  135.44335217 1 101
115  34.78459763  135.44336838
120 Turn line
111  34.78466801  135.44348889 1 101
112  34.78478326  135.44341485  34.78484470  135.44339129 1 101
115  34.78491504  135.44338165
120 Rnwy hold W10N 14R
111  34.79218425  135.42926147 4 104
115  34.79210991  135.42892214
120 Rnwy hold W10 14R
111  34.79172653  135.42938401 4 104
115  34.79192487  135.42914350
120 Rnwy hold W10N 14L/32R
111  34.79306945  135.43018606 4 104
115  34.79280632  135.43013980
120 Rnwy hold W10 14L/32R
111  34.79293119  135.43038072 4 104
115  34.79274583  135.43059752
120 Taxiline W2
111  34.77440056  135.44967169 1 101
112  34.77469333  135.45003447  34.77493381  135.45015539 1 101
111  34.77529978  135.44996446 1 101
112  34.77624029  135.44945529  34.77631081  135.44942029
111  34.77624029  135.44945529
112  34.77624029  135.44945529  34.77678678  135.44919383 1 101
115  34.77717317  135.44882841
120 Taxiline W3
111  34.77804961  135.44776637 1 101
112  34.77744751  135.44771189  34.77711732  135.44743913
111  34.77744751  135.44771189
112  34.77744751  135.44771189  34.77716457  135.44746685 1 101
111  34.77730152  135.44687936 1 101
112  34.77803450  135.44514016  34.77806612  135.44506315
111  34.77803450  135.44514016
112  34.77803450  135.44514016  34.77819897  135.44467808 1 101
115  34.77847863  135.44427705
120 Taxiline B2
111  34.78182974  135.44340321 1 101
111  34.78147561  135.44361519 1 101
111  34.77420119  135.45242991 1 101
112  34.77289995  135.45282124  34.77234119  135.45241124
111  34.77289995  135.45282124
112  34.77289995  135.45282124  34.77236415  135.45242988 1 101
111  34.77256317  135.45172170 1 101
115  34.77273922  135.45124647
120 Taxiline W5
111  34.78235672  135.44338994 1 101
112  34.78145191  135.44242673  34.78129446  135.44169379
111  34.78145191  135.44242673
112  34.78145191  135.44242673  34.78133509  135.44187747 1 101
111  34.78162504  135.44114854 1 101
112  34.78203256  135.44014498  34.78207961  135.44004313
111  34.78203256  135.44014498
112  34.78203256  135.44014498  34.78216326  135.43984581 1 101
115  34.78247712  135.43944586
120 Taxiline C6
111  34.79349812  135.43119150 1 101
111  34.79435626  135.43231055 51 101
112  34.79515911  135.43335386  34.79518973  135.43339581
111  34.79515911  135.43335386
112  34.79515911  135.43335386  34.79532751  135.43358688 51 101
112  34.79623072  135.43393174  34.79641442  135.43416476
111  34.79623072  135.43393174
112  34.79623072  135.43393174  34.79629195  135.43401563 51 101
115  34.79705738  135.43491044
120 Taxiline W10N
111  34.79193378  135.42913712 1 101
111  34.79234620  135.42908929 1 101
112  34.79264865  135.42916582  34.79274685  135.42927582
111  34.79264865  135.42916582
112  34.79264865  135.42916582  34.79268400  135.42920408 1 101
111  34.79291967  135.42948627 1 101
112  34.79298252  135.42992629  34.79297074  135.43024675
111  34.79298252  135.42992629
112  34.79298252  135.42992629  34.79298252  135.43000760 1 101
111  34.79297074  135.43020848 1 101
112  34.79301787  135.43069633  34.79307679  135.43079199
111  34.79301787  135.43069633
112  34.79301787  135.43069633  34.79304144  135.43073460 1 101
115  34.79315928  135.43091635
120 Taxiline W10
111  34.79075065  135.42940946 1 101
112  34.79142423  135.42916286  34.79181741  135.42911025
111  34.79142423  135.42916286
112  34.79142423  135.42916286  34.79167915  135.42914708 1 101
111  34.79181996  135.42928589 1 101
112  34.79298189  135.43066995  34.79299408  135.43068777
111  34.79298189  135.43066995
112  34.79298189  135.43066995  34.79308920  135.43082141 1 101
115  34.79307450  135.43099803
120 Centerline C4
111  34.79036177  135.43498772 1 101
112  34.79060175  135.43540207  34.79066853  135.43567469 1 101
111  34.79064275  135.43603403 1 101
111  34.79062814  135.43646356 51 101
112  34.79060568  135.43730082  34.79060568  135.43733669
111  34.79060568  135.43730082
112  34.79060568  135.43730082  34.79059782  135.43752561 51 101
115  34.79047999  135.43771526
120 Turn lines A2/A3/C3/E4
111  34.78876357  135.43943186 51 101
112  34.78874384  135.43902202  34.78874975  135.43888547
111  34.78874384  135.43902202
112  34.78874384  135.43902202  34.78876745  135.43861957 1 101
111  34.78885374  135.43834146 1 101
112  34.78848485  135.43846598  34.78825172  135.43845879 1 101
111  34.78811278  135.43834833 1 101
112  34.78817794  135.43883609  34.78816614  135.43914511 1 101
111  34.78804021  135.43934091 1 101
112  34.78865602  135.43913074  34.78908097  135.43908403
111  34.78865602  135.43913074
112  34.78865602  135.43913074  34.78890095  135.43909481 51 101
115  34.78906621  135.43907684
120 Turn line
111  34.78621007  135.44228517 51 101
112  34.78648683  135.44235149  34.78669481  135.44233776 51 101
115  34.78681518  135.44221228
120 Turn line
111  34.78858761  135.43892005 1 101
112  34.78874384  135.43902202  34.78878567  135.43904748 51 101
112  34.78906798  135.43907294  34.78924573  135.43906658 51 101
115  34.78948099  135.43894355
120 Centerline W8
111  34.78786092  135.43804538 1 101
111  34.78858761  135.43892005 1 101
112  34.78868372  135.43910693  34.78872176  135.43921451
111  34.78868372  135.43910693
112  34.78868372  135.43910693  34.78872501  135.43920661 51 101
112  34.78876357  135.43943186  34.78876787  135.43952125
111  34.78876357  135.43943186
112  34.78876357  135.43943186  34.78878517  135.43965808 51 101
115  34.78867132  135.43993375
120 Rnwy hold W8 14L/32R
111  34.78723630  135.43716555 4 104
115  34.78711946  135.43739394
120 Rnwy hold W9 14L/32R
111  34.78954082  135.43424942 4 104
115  34.78947497  135.43453451
120 Centerline W7
111  34.78490620  135.44056438 1 101
112  34.78449364  135.43874988  34.78453574  135.43781701
111  34.78449364  135.43874988
112  34.78449364  135.43874988  34.78452732  135.43813480 1 101
111  34.78474623  135.43752997 1 101
112  34.78515880  135.43629980  34.78525141  135.43610502
111  34.78515880  135.43629980
112  34.78515880  135.43629980  34.78526825  135.43605376 1 101
115  34.78552927  135.43570522
120 Terminal pad taxiline
111  34.79498799  135.43312219 51 101
111  34.79501325  135.43330673 51 101
111  34.79495431  135.43348102 51 101
112  34.79337982  135.43541873  34.79327878  135.43554176
111  34.79337982  135.43541873
112  34.79337982  135.43541873  34.79317774  135.43563403 51 101
111  34.79259678  135.43575704 51 101
112  34.79179690  135.43610562  34.79157353  135.43636026
111  34.79179690  135.43610562
112  34.79179690  135.43610562  34.79174462  135.43616349 51 101
111  34.78577739  135.44348623 51 101
112  34.78558180  135.44357802  34.78543922  135.44359538 51 101
115  34.78535014  135.44357000
120 Taxiline W9
111  34.78999560  135.43472930 1 101
112  34.78895408  135.43431229  34.78829263  135.43432636
111  34.78895408  135.43431229
112  34.78895408  135.43431229  34.78822028  135.43431999 1 101
111  34.78761882  135.43473009 1 101
112  34.78584056  135.43574503  34.78574853  135.43579124
111  34.78584056  135.43574503
112  34.78584056  135.43574503  34.78526395  135.43605732 1 101
115  34.78484956  135.43656822
120 Linear Feature 25
111  34.78755340  135.43766398 1 101
112  34.78673612  135.43707657  34.78617126  135.43693066
111  34.78673612  135.43707657
112  34.78673612  135.43707657  34.78605088  135.43690523 1 101
111  34.78546661  135.43718177 1 101
112  34.78401967  135.43775079  34.78373230  135.43791930
111  34.78401967  135.43775079
112  34.78401967  135.43775079  34.78384306  135.43783712 1 101
115  34.78348570  135.43822314
120 Linear Feature 24
111  34.78505138  135.44071022 1 101
112  34.78415841  135.44011256  34.78356832  135.43991546 1 101
111  34.78292078  135.44008077 1 101
112  34.78191293  135.44055127  34.78143250  135.44088188
111  34.78191293  135.44055127
112  34.78191293  135.44055127  34.78184504  135.44060213 1 101
115  34.78094163  135.44132058
120 Linear Feature 22
111  34.78621291  135.44294934 51 101
112  34.78627301  135.44259662  34.78626806  135.44239115 51 101
111  34.78621007  135.44228517 1 101
111  34.78544243  135.44133145 1 101
116  34.78544810  135.44065936  34.78569367  135.44034886
120 Rnwy hold 16L/32R
111  34.78483018  135.43996101 4 104
111  34.78458996  135.44012632 4 104
115  34.78446985  135.44037429
120 Linear Feature 20
111  34.77776189  135.44515604 1 101
112  34.77872274  135.44423418  34.77904129  135.44407523
111  34.77872274  135.44423418
112  34.77872274  135.44423418  34.77895774  135.44411338 1 101
112  34.78024510  135.44362113  34.78040307  135.44357497
111  34.78024510  135.44362113
112  34.78024510  135.44362113  34.78099070  135.44337496 1 101
111  34.78155848  135.44340616 1 101
112  34.78494548  135.44338753  34.78510603  135.44344338
111  34.78494548  135.44338753
112  34.78494548  135.44338753  34.78500553  135.44340285 1 101
112  34.78509009  135.44342991  34.78512425  135.44344714
111  34.78509009  135.44342991
112  34.78509009  135.44342991  34.78519292  135.44346020 51 101
111  34.78572533  135.44380643 51 101
115  34.78733855  135.44564960
120 Rnwy hold 32R
111  34.78200648  135.44307983 4 104
111  34.78191894  135.44325748 4 104
115  34.78190921  135.44355357
120 4-way turn lines
111  34.78618511  135.44225335 1 101
112  34.78618612  135.44162205  34.78637872  135.44131059
111  34.78618612  135.44162205
112  34.78618612  135.44162205  34.78593934  135.44185656 1 101
111  34.78569302  135.44164268 1 101
112  34.78567008  135.44225740  34.78546844  135.44255421
111  34.78567008  135.44225740
114  34.78567008  135.44225740  34.78593190  135.44201556 1 101
120 Taxiline A
111  34.78299261  135.44349117 1 101
112  34.78304126  135.44390584  34.78315247  135.44416817
111  34.78304126  135.44390584
112  34.78304126  135.44390584  34.78311077  135.44407509 1 101
111  34.78327758  135.44405816 1 101
111  34.78397796  135.44403277 1 101
112  34.78426456  135.44394311  34.78437930  135.44387381
111  34.78426456  135.44394311
112  34.78426456  135.44394311  34.78433184  135.44390116 1 101
111  34.78454258  135.44364350 1 101
111  34.78937223  135.43770326 1 101
111  34.79610301  135.42972772 1 101
112  34.79627362  135.42938917  34.79630521  135.42928914 1 101
111  34.79633048  135.42901215 1 101
111  34.79633680  135.42821195 1 101
112  34.79620302  135.42797375  34.79607993  135.42790583
111  34.79620302  135.42797375
112  34.79620302  135.42797375  34.79602609  135.42788911 1 101
115  34.79583131  135.42804268
21  34.77441726  135.44814987 2 315.1000 3.0 32L PAPI
21  34.78518895  135.44014303 2 315.1000 3.0 32R PAPI
21  34.79321907  135.43210823 2 135.1000 3.0 14L PAPI
21  34.78855233  135.43297781 2 135.1000 3.0 14R PAPI
20  34.78114206  135.44209602 237.7400 0 3 {@L}W5{@R}32L-14R
20  34.78010312  135.44393782 169.3300 0 3 {@L}W4{@R}32L-14R
20  34.77703261  135.44714379 231.8900 0 3 {@L}W3{@R}32L-14R
20  34.77463933  135.45038505 159.4600 0 3 {@L}W2{@R}32L-14R
20  34.77225399  135.45310302 180.0000 0 3 {@L}W1{@R}32L
20  34.79611379  135.42885735 268.1500 0 3 {@L}C7{@R}14L
20  34.78361212  135.44438472 151.0700 0 3 {@L}C1{@R}32R
20  34.78543545  135.44184909 225.0000 0 3 {@L}C2{@R}32R-14L
20  34.78786674  135.43888346 225.0000 0 3 {@L}C3{@R}32R-14L
20  34.79042293  135.43575124 269.5400 0 3 {@L}C4{@R}32R-14L
20  34.79361069  135.43195316 223.5600 0 3 {@L}C6{@R}32R-14L
20  34.79211433  135.42880508 221.2300 0 3 {@L}W10{@R}14R
20  34.79166960  135.42947706 221.2300 0 3 {@L}W10{@R}14R
20  34.79319979  135.43022363 45.8700 0 3 {@L}W10{@R}14L-32R
20  34.79267267  135.43068661 53.9300 0 3 {@L}W10{@R}14L-32R
20  34.78189415  135.44367953 353.7900 0 3 {@R}14L-32R{@Y,^u}B4
20  34.78207215  135.44295775 47.8400 0 3 {@R}14L-32R{@Y,^u}B4
20  34.78438964  135.44055196 47.8400 0 3 {@R}14L-32R{@Y,^u}C2
20  34.78491663  135.43991223 47.8400 0 3 {@R}14L-32R{@Y,^u}C2
20  34.78724007  135.43703812 9.0200 0 3 {@L}W8{@R}14L-32R
20  34.78955789  135.43412470 357.6100 0 3 {@L}W9{@R}14L-32R
20  34.78421303  135.44297709 1.0000 0 3 {@Y,^lu}E1|A1{^u}{@@}{@L}C1{@R}32R
14  34.78838286  135.44425629 121.39 0 ATC Tower
1300  34.78806260  135.44316756  69.66 gate heavy|jets Gate 9
1300  34.78869603  135.44078293 -189.11 gate heavy|jets Gate 12
1300  34.79119981  135.43940443  69.74 gate heavy|jets Gate 17
18  34.78303300  135.43418600 1 BCN
19  34.79087062  135.43183181 1 WS
19  34.77651834  135.44850781 1 WS
19  34.79580800  135.42918300 1 WS
19  34.78291410  135.44115805 1 WS
50 12860 ATIS
52 11880 CLNC DEL
53 12170 GND
53 12620 GND
54 11810 TWR
54 12620 TWR
55 12510 GCA
55 12750 GCA
55 13410 GCA
55 12045 KANSAI APP
55 12110 TCA
56 11950 KANSAI DEP
56 12530 KANSAI DEP
1200 
1201  34.78923252  135.44003247 both 0 _stop
1201  34.78891131  135.43964114 both 1 _stop(split)(split)
1201  34.78767191  135.44187986 both 2 _start
1201  34.78740141  135.44149425 both 3 _stop(split)(split)
1201  34.78985976  135.43737018 both 4 _stop
1201  34.79015304  135.43743037 both 5 _stop
1201  34.79032440  135.43749457 both 6 _stop
1201  34.79077587  135.43808844 both 7 _start
1201  34.79048715  135.43770876 both 8 _stop(split)
1201  34.78954753  135.43749569 both 9 A_stop(split)(split)(split)
1201  34.78146228  135.44249705 both 10 W5_stop(split)
1201  34.78147978  135.44161922 both 11 W5_stop(split)
1201  34.78203256  135.44014498 both 12 14R/32L_start(split)(split)(split)(split)
1201  34.78192613  135.44315505 both 13 W5_stop
1201  34.78166877  135.44292258 both 14 W5_stop
1201  34.78142683  135.44207191 both 15 W5_stop
1201  34.78162357  135.44114178 both 16 W5_stop
1201  34.78235672  135.44338994 both 17 B_start(split)
1201  34.78247220  135.43943390 both 18 14R/32L_start(split)(split)(split)
1201  34.78742093  135.43748928 both 19 W8_stop(split)
1201  34.78755340  135.43766398 both 20 W8_stop(split)
1201  34.78822749  135.43848671 both 21 C7_stop(split)(split)(split)
1201  34.78640249  135.43700058 both 22 W8_stop(split)
1201  34.78716044  135.43725584 both 23 W8_stop
1201  34.78546661  135.43718177 both 24 W8_stop
1201  34.78402434  135.43774252 both 25 W8_stop
1201  34.78905265  135.43946844 both 26 _stop(split)
1201  34.78848509  135.43879671 both 27 A_stop(split)(split)
1201  34.78770622  135.43785223 both 28 C7_stop(split)(split)
1201  34.78347289  135.43822031 both 29 14R/32L_start(split)(split)
1201  34.79178557  135.43611476 both 30 _stop
1201  34.79336662  135.43542955 both 31 _stop
1201  34.79494713  135.43348548 both 32 _stop
1201  34.78558816  135.44371987 both 33 C1_stop(split)
1201  34.79498982  135.43311638 both 34 A_stop(split)(split)
1201  34.77325268  135.45294078 both 35 W1_stop(split)
1201  34.77252333  135.45213943 both 36 W1_stop(split)
1201  34.77288765  135.45283052 both 37 W1_stop
1201  34.77263141  135.45252972 both 38 W1_stop
1201  34.77256317  135.45172170 both 39 W1_stop
1201  34.77275258  135.45120907 both 40 14R/32L_start(split)(split)(split)
1201  34.77872274  135.44423418 both 41 14R/32L_start(split)(split)(split)
1201  34.78425733  135.44336514 both 42 C7_stop(split)(split)(split)
1201  34.78572533  135.44380643 both 43 C1_stop(split)
1201  34.78733855  135.44564960 both 44 C1_stop
1201  34.78509954  135.44343442 both 45 C1_stop
1201  34.78459763  135.44336838 both 46 B4_stop
1201  34.78008964  135.44366942 both 47 W4_stop
1201  34.78476028  135.44337417 both 48 A_stop(split)
1201  34.78314513  135.44337607 both 49 C7_stop(split)(split)
1201  34.77777126  135.44514579 both 50 14R/32L_start(split)(split)
1201  34.79281890  135.43046968 both 51 W10_stop(split)
1201  34.79623072  135.43393174 both 52 A_stop(split)(split)(split)
1201  34.79515911  135.43335386 both 53 A_stop(split)(split)
1201  34.79705738  135.43491044 both 54 W10_stop
1201  34.79349291  135.43118698 both 55 W10_stop
1201  34.79315714  135.43091650 both 56 W10_stop
1201  34.79180879  135.42927543 both 57 W10_stop
1201  34.79142808  135.42913705 both 58 W10_stop
1201  34.79415015  135.43204111 both 59 A_stop(split)
1201  34.79331937  135.43104718 both 60 C7_stop(split)
1201  34.79074051  135.42940689 both 61 14R/32L_start(split)
1201  34.77220087  135.45187749 both 62 14R/32L_stop
1201  34.79132513  135.42870651 both 63 14R/32L_start
1201  34.79632783  135.42887167 both 64 C7_stop(split)
1201  34.78297981  135.44357875 both 65 14L/32R_stop
1201  34.79592781  135.42788198 both 66 14L/32R_start
1201  34.79582474  135.42801066 both 67 C7_stop
1201  34.79620086  135.42797522 both 68 C7_stop
1201  34.79632565  135.42821835 both 69 C7_stop
1201  34.79632565  135.42901866 both 70 C7_stop
1201  34.77366459  135.45283429 both 71 B_stop
1201  34.77420077  135.45243343 both 72 B_stop
1201  34.78147550  135.44361698 both 73 B_stop
1201  34.78185053  135.44339560 both 74 B_start
1201  34.79626835  135.42939922 both 75 A_stop
1201  34.79611028  135.42972340 both 76 A_stop
1201  34.78455646  135.44363043 both 77 A_stop
1201  34.78425695  135.44393431 both 78 A_start
1202 1 0 twoway taxiway 
1202 1 3 twoway taxiway 
1202 2 3 twoway taxiway 
1202 3 33 twoway taxiway 
1202 4 9 twoway taxiway 
1202 5 4 twoway taxiway 
1202 6 5 twoway taxiway 
1202 8 6 twoway taxiway 
1202 7 8 twoway taxiway 
1202 8 26 twoway taxiway 
1202 9 59 twoway taxiway A
1202 10 14 twoway taxiway W5
1202 11 15 twoway taxiway W5
1204 arrival 14R
1202 12 16 twoway taxiway W5
1204 arrival 14R
1202 13 17 twoway taxiway W5
1204 departure 32R
1204 arrival 14L
1202 14 13 twoway taxiway W5
1202 15 10 twoway taxiway W5
1202 16 11 twoway taxiway W5
1204 arrival 14R
1202 18 12 twoway taxiway W5
1204 arrival 14R
1202 17 49 twoway taxiway B4
1204 departure 32R
1204 arrival 14L
1202 18 50 twoway runway 14R/32L
1202 19 20 twoway taxiway W8
1204 arrival 14L,32R
1202 20 28 twoway taxiway W8
1204 arrival 14L,32R
1202 21 27 twoway taxiway C3
1202 22 23 twoway taxiway W8
1202 27 26 twoway taxiway C3
1202 28 21 twoway taxiway C3
1204 arrival 14L,32R
1202 23 19 twoway taxiway W8
1204 arrival 14L,32R
1202 24 22 twoway taxiway W8
1202 25 24 twoway taxiway W8
1204 arrival 32L
1202 29 25 twoway taxiway W8
1204 arrival 32L
1202 26 1 twoway taxiway 
1202 27 9 twoway taxiway A
1202 28 49 twoway runway 14L/32R
1202 29 18 twoway runway 14R/32L
1202 30 8 twoway taxiway 
1202 31 30 twoway taxiway 
1202 32 31 twoway taxiway 
1202 34 32 twoway taxiway 
1202 33 43 twoway taxiway C1
1202 34 53 twoway taxiway C6
1202 35 71 twoway taxiway W1
1202 36 38 twoway taxiway W1
1204 departure 32L
1204 arrival 14R
1202 37 35 twoway taxiway W1
1202 38 37 twoway taxiway W1
1202 39 36 twoway taxiway W1
1204 departure 32L
1204 arrival 14R
1202 40 39 twoway taxiway W1
1204 departure 32L
1204 arrival 14R
1202 40 62 twoway runway 14R/32L
1202 41 47 twoway taxiway W4
1204 arrival 14L
1202 42 46 twoway taxiway B4
1202 43 44 twoway taxiway C1
1202 45 33 twoway taxiway C1
1202 48 45 twoway taxiway C1
1202 46 48 twoway taxiway B4
1202 49 42 twoway taxiway B4
1204 departure 32R
1204 arrival 14L
1202 74 17 twoway taxiway B4
1204 departure 32R
1204 arrival 14L
1202 47 74 twoway taxiway W4
1202 50 41 twoway taxiway W4
1204 arrival 14L
1202 48 27 twoway taxiway A
1202 49 65 twoway runway 14L/32R
1202 50 40 twoway runway 14R/32L
1202 51 56 twoway taxiway W10
1204 arrival 14L,32R
1202 52 54 twoway taxiway C6
1202 53 52 twoway taxiway C6
1202 59 34 twoway taxiway C6
1202 55 59 twoway taxiway C6
1204 arrival 14L,32R
1202 60 55 twoway taxiway C6
1204 arrival 14L,32R
1202 56 60 twoway taxiway W10
1204 arrival 14L,32R
1202 57 51 twoway taxiway W10
1202 58 57 twoway taxiway W10
1204 departure 14R
1204 arrival 32L
1202 61 58 twoway taxiway W10
1204 departure 14R
1204 arrival 32L
1202 59 76 twoway taxiway A
1202 60 28 twoway runway 14L/32R
1202 61 29 twoway runway 14R/32L
1202 63 61 twoway runway 14R/32L
1202 64 69 twoway taxiway C7
1204 departure 14L
1204 arrival 32R
1202 67 60 twoway runway 14L/32R
1202 66 67 twoway runway 14L/32R
1202 68 67 twoway taxiway C7
1204 departure 14L
1204 arrival 32R
1202 69 68 twoway taxiway C7
1204 departure 14L
1204 arrival 32R
1202 70 64 twoway taxiway C7
1202 75 70 twoway taxiway C7
1202 72 71 twoway taxiway B
1202 73 72 twoway taxiway B
1202 74 73 twoway taxiway B
1202 76 75 twoway taxiway A
1202 77 48 twoway taxiway A
1202 78 77 twoway taxiway A
99
